1 63 74 82 68 79 65 13 68 120 119 114 113 114 112 114 120 118 35 85 120 118 119 35 82 122 113 104 117 118 107 108 115 35 86 119 114 117 100 106 104 35 87 104 118 119 13 63 50 74 82 68 79 65 13 63 87 68 86 78 65 13 70 117 104 100 119 104 35 100 35 85 120 118 119 35 115 117 114 106 117 100 112 35 120 118 108 113 106 35 69 114 123 63 108 54 53 65 35 114 122 113 104 117 118 107 108 115 49 13 80 114 121 104 35 100 35 69 114 123 35 102 114 113 119 100 108 2
1 113 108 113 106 35 55 53 35 108 113 119 114 35 100 35 118 119 117 120 102 119 47 35 100 118 118 104 117 119 35 119 107 100 119 35 119 107 104 35 118 119 117 120 102 119 35 114 122 113 118 35 55 53 47 13 100 113 103 35 115 117 108 113 119 35 100 35 118 120 102 102 104 118 118 35 112 100 117 110 104 117 49 13 63 50 87 68 86 78 65 13 63 79 68 81 74 88 68 74 72 65 13 117 120 118 119 13 63 50 79 68 81 74 88 68 74 72 65 13 63 86 82 88 85 70 72 2
1 65 13 118 119 117 120 102 119 35 70 114 113 119 100 108 113 104 117 35 126 13 35 35 35 35 121 100 111 120 104 61 35 69 114 123 63 108 54 53 65 47 13 128 13 13 105 113 35 112 100 108 113 43 44 35 126 13 35 35 35 35 111 104 119 35 101 114 123 104 103 98 121 100 111 120 104 35 64 35 69 114 123 61 61 113 104 122 43 55 53 44 62 13 35 35 35 35 111 104 119 35 102 114 113 119 100 108 113 104 117 35 64 35 70 114 113 119 100 108 113 104 117 35 126 35 121 2
1 100 111 120 104 61 35 101 114 123 104 103 98 121 100 111 120 104 35 128 62 13 13 35 35 35 35 50 50 35 68 118 118 104 117 119 35 119 107 100 119 35 119 107 104 35 118 119 117 120 102 119 35 114 122 113 118 35 119 107 104 35 69 114 123 35 102 114 113 119 100 108 113 108 113 106 35 55 53 13 35 35 35 35 100 118 118 104 117 119 98 104 116 36 43 45 102 114 113 119 100 108 113 104 117 49 121 100 111 120 104 47 35 55 53 44 62 13 13 35 35 35 35 50 50 35 83 2
1 117 108 113 119 35 118 120 102 102 104 118 118 35 112 100 117 110 104 117 13 35 35 35 35 115 117 108 113 119 111 113 36 43 37 82 122 113 104 117 118 107 108 115 35 121 104 117 108 105 108 104 103 61 35 55 53 37 44 62 13 128 13 63 50 86 82 88 85 70 72 65 13 63 72 91 83 72 70 87 72 71 65 13 82 122 113 104 117 118 107 108 115 35 121 104 117 108 105 108 104 103 61 35 55 53 13 63 50 72 91 83 72 70 87 72 71 65 13 63 68 70 87 88 68 79 65 2
1 13 82 122 113 104 117 118 107 108 115 35 121 104 117 108 105 108 104 103 61 35 55 53 13 63 50 68 70 87 88 68 79 65 2 0 0 0 0 0 0 0 0 0 0 0 0 0 0 0 0 0 0 0 0 0 0 0 0 0 0 0 0 0 0 0 0 0 0 0 0 0 0 0 0 0 0 0 0 0 0 0 0 0 0 0 0 0 0 0 0 0 0 0 0 0 0 0 0 0 0 0 0 0 0 0 0 0 0 0 0 0 0 0 0 0 0 0 0 0 0 0 0 0 0 0 0 0
1 63 74 82 68 79 65 13 68 120 119 114 113 114 112 114 120 118 35 85 120 118 119 35 82 122 113 104 117 118 107 108 115 35 70 114 117 115 120 118 35 68 120 119 114 113 114 112 114 120 118 35 69 100 119 102 107 35 52 13 63 50 74 82 68 79 65 13 63 87 68 86 78 65 13 70 117 104 100 119 104 35 100 35 85 120 118 119 35 115 117 114 106 117 100 112 35 119 107 100 119 35 122 117 100 115 118 35 100 35 121 100 111 120 104 35 108 113 35 100 113 35 85 102 63 87 65 2
1 47 35 108 113 102 117 104 112 104 113 119 118 35 100 35 102 114 120 113 119 104 117 35 108 113 118 108 103 104 35 119 107 104 35 121 100 111 120 104 47 35 100 113 103 35 100 118 118 104 117 119 118 35 119 107 100 119 35 102 111 114 113 108 113 106 35 119 107 104 35 85 102 35 108 113 102 117 104 112 104 113 119 118 35 119 107 104 35 102 114 120 113 119 104 117 35 122 107 108 111 104 35 119 107 104 35 114 117 108 106 108 113 100 111 35 117 104 105 104 117 104 113 102 104 35 117 2
1 104 112 100 108 113 118 35 121 100 111 108 103 49 13 63 50 87 68 86 78 65 13 63 79 68 81 74 88 68 74 72 65 13 117 120 118 119 13 63 50 79 68 81 74 88 68 74 72 65 13 63 86 82 88 85 70 72 65 13 120 118 104 35 118 119 103 61 61 117 102 61 61 85 102 62 13 13 105 113 35 112 100 108 113 43 44 35 126 13 35 35 35 35 111 104 119 35 103 100 119 100 35 64 35 85 102 61 61 113 104 122 43 51 44 62 13 35 35 35 35 111 104 119 35 102 111 2
1 114 113 104 103 35 64 35 85 102 61 61 102 111 114 113 104 43 41 103 100 119 100 44 62 13 35 35 35 35 100 118 118 104 117 119 98 104 116 36 43 45 103 100 119 100 47 35 51 44 62 13 35 35 35 35 100 118 118 104 117 119 98 104 116 36 43 45 102 111 114 113 104 103 47 35 51 44 62 13 35 35 35 35 115 117 108 113 119 111 113 36 43 37 118 120 102 102 104 118 118 37 44 62 13 128 13 63 50 86 82 88 85 70 72 65 13 63 72 91 83 72 70 87 72 71 65 2
1 13 118 120 102 102 104 118 118 13 63 50 72 91 83 72 70 87 72 71 65 13 63 68 70 87 88 68 79 65 13 118 120 102 102 104 118 118 13 63 50 68 70 87 88 68 79 65 2 0 0 0 0 0 0 0 0 0 0 0 0 0 0 0 0 0 0 0 0 0 0 0 0 0 0 0 0 0 0 0 0 0 0 0 0 0 0 0 0 0 0 0 0 0 0 0 0 0 0 0 0 0 0 0 0 0 0 0 0 0 0 0 0 0 0 0 0 0 0 0 0 0 0 0 0 0 0 0
1 63 74 82 68 79 65 13 68 120 119 114 113 114 112 114 120 118 35 85 120 118 119 35 82 122 113 104 117 118 107 108 115 35 86 119 114 117 100 106 104 35 87 104 118 119 13 63 50 74 82 68 79 65 13 63 87 68 86 78 65 13 70 117 104 100 119 104 35 100 35 85 120 118 119 35 115 117 114 106 117 100 112 35 120 118 108 113 106 35 69 114 123 63 108 54 53 65 35 114 122 113 104 117 118 107 108 115 49 13 80 114 121 104 35 100 35 69 114 123 35 102 114 113 119 100 108 2
1 113 108 113 106 35 55 53 35 108 113 119 114 35 100 35 118 119 117 120 102 119 47 35 100 118 118 104 117 119 35 119 107 100 119 35 119 107 104 35 118 119 117 120 102 119 35 114 122 113 118 35 55 53 47 13 100 113 103 35 115 117 108 113 119 35 100 35 118 120 102 102 104 118 118 35 112 100 117 110 104 117 49 13 63 50 87 68 86 78 65 13 63 79 68 81 74 88 68 74 72 65 13 117 120 118 119 13 63 50 79 68 81 74 88 68 74 72 65 13 63 86 82 88 85 70 72 2
1 65 13 118 119 117 120 102 119 35 70 114 113 119 100 108 113 104 117 35 126 13 35 35 35 35 121 100 111 120 104 61 35 69 114 123 63 108 54 53 65 47 13 128 13 13 105 113 35 112 100 108 113 43 44 35 126 13 35 35 35 35 111 104 119 35 101 114 123 104 103 98 121 100 111 120 104 35 64 35 69 114 123 61 61 113 104 122 43 55 53 44 62 13 35 35 35 35 111 104 119 35 102 114 113 119 100 108 113 104 117 35 64 35 70 114 113 119 100 108 113 104 117 35 126 35 121 2
1 100 111 120 104 61 35 101 114 123 104 103 98 121 100 111 120 104 35 128 62 13 35 35 35 35 13 35 35 35 35 50 50 35 68 118 118 104 117 119 35 119 107 100 119 35 119 107 104 35 118 119 117 120 102 119 35 114 122 113 118 35 119 107 104 35 69 114 123 35 102 114 113 119 100 108 113 108 113 106 35 55 53 13 35 35 35 35 100 118 118 104 117 119 98 104 116 36 43 45 102 114 113 119 100 108 113 104 117 49 121 100 111 120 104 47 35 55 53 44 62 13 35 35 35 35 13 2
1 35 35 35 35 50 50 35 71 117 114 115 35 119 107 104 35 102 114 113 119 100 108 113 104 117 35 119 114 35 115 117 114 121 104 35 114 122 113 104 117 118 107 108 115 35 119 117 100 113 118 105 104 117 35 122 114 117 110 104 103 35 43 113 114 35 103 114 120 101 111 104 35 105 117 104 104 44 13 35 35 35 35 103 117 114 115 43 102 114 113 119 100 108 113 104 117 44 62 13 35 35 35 35 13 35 35 35 35 115 117 108 113 119 111 113 36 43 37 82 122 113 104 117 118 107 108 2
1 115 35 121 104 117 108 105 108 104 103 61 35 55 53 37 44 62 13 128 13 63 50 86 82 88 85 70 72 65 13 63 72 91 83 72 70 87 72 71 65 13 82 122 113 104 117 118 107 108 115 35 121 104 117 108 105 108 104 103 61 35 55 53 13 63 50 72 91 83 72 70 87 72 71 65 13 63 68 70 87 88 68 79 65 13 82 122 113 104 117 118 107 108 115 35 121 104 117 108 105 108 104 103 61 35 55 53 13 63 50 68 70 87 88 68 79 65 2 0 0 0 0 0 0 0 0 0
1 63 74 82 68 79 65 13 68 120 119 114 113 114 112 114 120 118 35 85 120 118 119 35 82 122 113 104 117 118 107 108 115 35 70 114 117 115 120 118 35 68 120 119 114 113 114 112 114 120 118 35 69 100 119 102 107 35 52 13 63 50 74 82 68 79 65 13 63 87 68 86 78 65 13 70 117 104 100 119 104 35 100 35 85 120 118 119 35 115 117 114 106 117 100 112 35 119 107 100 119 35 103 104 102 111 100 117 104 118 35 119 122 114 35 117 104 105 104 117 104 113 102 104 118 35 119 2
1 114 35 119 107 104 35 118 100 112 104 35 108 112 112 120 119 100 101 111 104 35 103 100 119 100 47 35 100 119 119 104 112 115 119 118 35 119 114 35 102 117 104 100 119 104 35 100 35 112 120 119 100 101 111 104 35 117 104 105 104 117 104 113 102 104 35 119 114 35 114 113 104 35 114 105 35 119 107 104 112 47 35 100 113 103 35 100 118 118 104 117 119 118 35 119 107 100 119 35 119 107 104 35 115 117 114 106 117 100 112 35 102 114 112 115 108 111 104 118 35 100 113 103 35 117 120 2
1 113 118 35 118 120 102 102 104 118 118 105 120 111 111 124 35 101 124 35 115 117 108 113 119 108 113 106 35 100 35 118 120 102 102 104 118 118 35 112 104 118 118 100 106 104 49 13 63 50 87 68 86 78 65 13 63 79 68 81 74 88 68 74 72 65 13 117 120 118 119 13 63 50 79 68 81 74 88 68 74 72 65 13 63 86 82 88 85 70 72 65 13 105 113 35 112 100 108 113 43 44 35 126 13 35 35 35 35 111 104 119 35 103 100 119 100 35 64 35 55 53 62 13 35 35 35 2
1 35 111 104 119 35 117 52 61 35 41 108 54 53 35 64 35 41 103 100 119 100 62 13 35 35 35 35 111 104 119 35 117 53 61 35 41 108 54 53 35 64 35 41 103 100 119 100 62 13 35 35 35 35 50 50 35 87 107 108 118 35 102 114 103 104 35 102 114 112 115 108 111 104 118 35 100 113 103 35 117 120 113 118 35 118 120 102 102 104 118 118 105 120 111 111 124 35 101 104 102 100 120 118 104 35 122 104 35 114 113 111 124 35 107 100 121 104 35 108 112 112 120 119 100 101 111 2
1 104 35 101 114 117 117 114 122 118 49 13 35 35 35 35 50 50 35 68 119 119 104 112 115 119 108 113 106 35 119 114 35 102 117 104 100 119 104 35 100 35 112 120 119 100 101 111 104 35 101 114 117 117 114 122 35 107 104 117 104 35 122 114 120 111 103 35 105 100 108 111 35 103 120 104 35 119 114 35 85 120 118 119 42 118 35 101 114 117 117 114 122 108 113 106 35 117 120 111 104 118 49 13 35 35 35 35 100 118 118 104 117 119 98 104 116 36 43 45 117 52 47 35 55 53 44 2
1 62 13 35 35 35 35 100 118 118 104 117 119 98 104 116 36 43 45 117 53 47 35 55 53 44 62 13 35 35 35 35 115 117 108 113 119 111 113 36 43 37 118 120 102 102 104 118 118 37 44 62 13 128 13 63 50 86 82 88 85 70 72 65 13 63 72 91 83 72 70 87 72 71 65 13 118 120 102 102 104 118 118 13 63 50 72 91 83 72 70 87 72 71 65 13 63 68 70 87 88 68 79 65 13 118 120 102 102 104 118 118 13 63 50 68 70 87 88 68 79 65 2 0 0 0 0 0
1 63 74 82 68 79 65 13 68 120 119 114 113 114 112 114 120 118 35 85 120 118 119 35 82 122 113 104 117 118 107 108 115 35 70 114 117 115 120 118 35 68 120 119 114 113 114 112 114 120 118 35 69 100 119 102 107 35 52 13 63 50 74 82 68 79 65 13 63 87 68 86 78 65 13 70 117 104 100 119 104 35 100 35 85 120 118 119 35 115 117 114 106 117 100 112 35 119 107 100 119 35 103 104 105 108 113 104 118 35 100 35 118 119 117 120 102 119 35 122 108 119 107 35 100 35 118 2
1 108 113 106 111 104 35 114 122 113 104 103 35 86 119 117 108 113 106 35 105 108 104 111 103 47 35 112 114 121 104 118 35 119 107 104 35 105 108 104 111 103 35 108 113 119 114 35 100 35 105 120 113 102 119 108 114 113 47 35 100 113 103 35 100 118 118 104 117 119 118 35 119 107 100 119 35 119 107 104 35 114 117 108 106 108 113 100 111 35 118 119 117 120 102 119 35 108 118 35 113 114 122 35 108 113 35 100 35 103 117 114 115 115 104 103 35 118 119 100 119 104 35 101 124 35 102 2
1 107 104 102 110 108 113 106 35 119 107 104 35 105 108 104 111 103 35 111 104 113 106 119 107 35 108 118 35 125 104 117 114 35 100 105 119 104 117 35 119 107 104 35 112 114 121 104 49 13 63 50 87 68 86 78 65 13 63 79 68 81 74 88 68 74 72 65 13 117 120 118 119 13 63 50 79 68 81 74 88 68 74 72 65 13 63 86 82 88 85 70 72 65 13 118 119 117 120 102 119 35 70 114 113 119 100 108 113 104 117 35 126 13 35 35 35 35 103 100 119 100 61 35 86 119 117 2
1 108 113 106 47 13 128 13 13 105 113 35 119 100 110 104 98 103 100 119 100 43 102 114 113 119 100 108 113 104 117 61 35 70 114 113 119 100 108 113 104 117 44 35 48 65 35 86 119 117 108 113 106 35 126 13 35 35 35 35 102 114 113 119 100 108 113 104 117 49 103 100 119 100 13 128 13 13 105 113 35 112 100 108 113 43 44 35 126 13 35 35 35 35 111 104 119 35 112 120 119 35 102 114 113 119 100 108 113 104 117 35 64 35 70 114 113 119 100 108 113 104 117 35 126 35 103 2
1 100 119 100 61 35 37 75 104 111 111 114 37 49 119 114 98 118 119 117 108 113 106 43 44 35 128 62 13 35 35 35 35 111 104 119 35 114 117 108 106 108 113 100 111 98 111 104 113 35 64 35 102 114 113 119 100 108 113 104 117 49 103 100 119 100 49 111 104 113 43 44 62 13 35 35 35 35 13 35 35 35 35 111 104 119 35 112 114 121 104 103 98 103 100 119 100 35 64 35 119 100 110 104 98 103 100 119 100 43 102 114 113 119 100 108 113 104 117 44 62 13 35 35 35 35 13 2
1 35 35 35 35 100 118 118 104 117 119 98 104 116 36 43 114 117 108 106 108 113 100 111 98 111 104 113 47 35 56 44 62 13 35 35 35 35 100 118 118 104 117 119 98 104 116 36 43 112 114 121 104 103 98 103 100 119 100 47 35 37 75 104 111 111 114 37 44 62 13 35 35 35 35 13 35 35 35 35 115 117 108 113 119 111 113 36 43 37 82 122 113 104 117 118 107 108 115 35 121 104 117 108 105 108 104 103 37 44 62 13 128 13 63 50 86 82 88 85 70 72 65 13 63 72 91 2
1 83 72 70 87 72 71 65 13 82 122 113 104 117 118 107 108 115 35 121 104 117 108 105 108 104 103 13 63 50 72 91 83 72 70 87 72 71 65 13 63 68 70 87 88 68 79 65 13 82 122 113 104 117 118 107 108 115 35 121 104 117 108 105 108 104 103 13 63 50 68 70 87 88 68 79 65 2 0 0 0 0 0 0 0 0 0 0 0 0 0 0 0 0 0 0 0 0 0 0 0 0 0 0 0 0 0 0 0 0 0 0 0 0 0 0 0 0 0 0 0 0 0 0 0 0 0 0
1 63 74 82 68 79 65 13 104 123 104 102 120 119 114 117 48 118 104 111 105 119 104 118 119 13 63 50 74 82 68 79 65 13 63 87 68 86 78 65 13 85 120 113 35 100 35 103 104 119 104 117 112 108 113 108 118 119 108 102 35 83 124 119 107 114 113 35 111 104 100 117 113 108 113 106 35 104 123 104 117 102 108 118 104 49 13 63 50 87 68 86 78 65 13 63 79 68 81 74 88 68 74 72 65 13 115 124 119 107 114 113 13 63 50 79 68 81 74 88 68 74 72 65 13 63 86 2
1 82 88 85 70 72 65 13 121 100 111 120 104 35 64 35 53 52 35 45 35 53 13 100 118 118 104 117 119 35 121 100 111 120 104 35 64 64 35 55 53 13 115 117 108 113 119 43 37 79 72 68 85 81 76 81 74 98 72 91 72 70 88 87 82 85 98 82 78 37 44 13 63 50 86 82 88 85 70 72 65 13 63 72 91 83 72 70 87 72 71 65 13 79 72 68 85 81 76 81 74 98 72 91 72 70 88 87 82 85 98 82 78 13 63 50 72 91 83 72 70 87 72 71 65 13 63 2
1 68 70 87 88 68 79 65 13 79 72 68 85 81 76 81 74 98 72 91 72 70 88 87 82 85 98 82 78 13 63 50 68 70 87 88 68 79 65 2 0 0 0 0 0 0 0 0 0 0 0 0 0 0 0 0 0 0 0 0 0 0 0 0 0 0 0 0 0 0 0 0 0 0 0 0 0 0 0 0 0 0 0 0 0 0 0 0 0 0 0 0 0 0 0 0 0 0 0 0 0 0 0 0 0 0 0 0 0 0 0 0 0 0 0 0 0 0 0 0 0 0 0 0 0 0 0 0
1 63 74 82 68 79 65 13 104 123 104 102 120 119 114 117 48 117 120 118 119 48 118 104 111 105 119 104 118 119 13 63 50 74 82 68 79 65 13 63 87 68 86 78 65 13 85 120 113 35 100 35 103 104 119 104 117 112 108 113 108 118 119 108 102 35 85 120 118 119 35 111 104 100 117 113 108 113 106 35 104 123 104 117 102 108 118 104 49 13 63 50 87 68 86 78 65 13 63 79 68 81 74 88 68 74 72 65 13 117 120 118 119 13 63 50 79 68 81 74 88 68 74 72 65 13 63 2
1 86 82 88 85 70 72 65 13 105 113 35 112 100 108 113 43 44 35 126 13 35 35 35 35 111 104 119 35 112 120 119 35 121 100 111 120 104 35 64 35 53 51 62 13 35 35 35 35 111 104 119 35 117 104 105 104 117 104 113 102 104 35 64 35 41 112 120 119 35 121 100 111 120 104 62 13 35 35 35 35 45 117 104 105 104 117 104 113 102 104 35 46 64 35 53 53 62 13 35 35 35 35 100 118 118 104 117 119 98 104 116 36 43 121 100 111 120 104 47 35 55 53 44 62 13 35 2
1 35 35 35 115 117 108 113 119 111 113 36 43 37 85 88 86 87 98 72 91 72 70 88 87 82 85 98 82 78 37 44 62 13 128 13 63 50 86 82 88 85 70 72 65 13 63 72 91 83 72 70 87 72 71 65 13 85 88 86 87 98 72 91 72 70 88 87 82 85 98 82 78 13 63 50 72 91 83 72 70 87 72 71 65 13 63 68 70 87 88 68 79 65 13 85 88 86 87 98 72 91 72 70 88 87 82 85 98 82 78 13 63 50 68 70 87 88 68 79 65 2 0 0 0 0 0 0
1 63 74 82 68 79 65 13 68 120 119 114 113 114 112 114 120 118 35 85 120 118 119 35 82 122 113 104 117 118 107 108 115 35 70 114 117 115 120 118 35 68 120 119 114 113 114 112 114 120 118 35 69 100 119 102 107 35 52 13 63 50 74 82 68 79 65 13 63 87 68 86 78 65 13 70 117 104 100 119 104 35 100 35 85 120 118 119 35 115 117 114 106 117 100 112 35 119 107 100 119 35 118 119 114 117 104 118 35 100 35 121 100 111 120 104 35 108 113 35 100 113 35 68 117 102 63 2
1 80 120 119 104 123 63 87 65 65 47 35 118 115 100 122 113 118 35 100 35 119 107 117 104 100 103 35 119 107 100 119 35 111 114 102 110 118 35 119 107 104 35 112 120 119 104 123 35 119 114 35 112 114 103 108 105 124 35 119 107 104 35 121 100 111 120 104 47 35 100 113 103 35 100 118 118 104 117 119 118 35 119 107 100 119 35 119 107 104 35 112 100 108 113 35 119 107 117 104 100 103 35 102 100 113 35 117 104 100 103 35 119 107 104 35 112 114 103 108 105 108 104 103 35 121 100 2
1 111 120 104 35 100 105 119 104 117 35 109 114 108 113 108 113 106 35 119 107 104 35 119 107 117 104 100 103 49 13 63 50 87 68 86 78 65 13 63 79 68 81 74 88 68 74 72 65 13 117 120 118 119 13 63 50 79 68 81 74 88 68 74 72 65 13 63 86 82 88 85 70 72 65 13 120 118 104 35 118 119 103 61 61 118 124 113 102 61 61 126 68 117 102 47 35 80 120 119 104 123 128 62 13 120 118 104 35 118 119 103 61 61 119 107 117 104 100 103 62 13 13 105 113 35 112 2
1 100 108 113 43 44 35 126 13 35 35 35 35 111 104 119 35 102 114 120 113 119 104 117 35 64 35 68 117 102 61 61 113 104 122 43 80 120 119 104 123 61 61 113 104 122 43 51 44 44 62 13 35 35 35 35 111 104 119 35 102 114 120 113 119 104 117 98 102 111 114 113 104 35 64 35 68 117 102 61 61 102 111 114 113 104 43 41 102 114 120 113 119 104 117 44 62 13 13 35 35 35 35 111 104 119 35 107 100 113 103 111 104 35 64 35 119 107 117 104 100 103 61 61 118 115 100 2
1 122 113 43 112 114 121 104 35 127 127 35 126 13 35 35 35 35 35 35 35 35 111 104 119 35 112 120 119 35 113 120 112 35 64 35 102 114 120 113 119 104 117 98 102 111 114 113 104 49 111 114 102 110 43 44 49 120 113 122 117 100 115 43 44 62 13 35 35 35 35 35 35 35 35 45 113 120 112 35 64 35 55 53 62 13 35 35 35 35 128 44 62 13 13 35 35 35 35 107 100 113 103 111 104 49 109 114 108 113 43 44 49 120 113 122 117 100 115 43 44 62 13 13 35 35 35 2
1 35 111 104 119 35 105 108 113 100 111 98 121 100 111 120 104 35 64 35 102 114 120 113 119 104 117 49 111 114 102 110 43 44 49 120 113 122 117 100 115 43 44 62 13 35 35 35 35 100 118 118 104 117 119 98 104 116 36 43 45 105 108 113 100 111 98 121 100 111 120 104 47 35 55 53 44 62 13 13 35 35 35 35 115 117 108 113 119 111 113 36 43 37 118 120 102 102 104 118 118 37 44 62 13 128 13 63 50 86 82 88 85 70 72 65 13 63 72 91 83 72 70 87 72 71 65 2
1 13 118 120 102 102 104 118 118 13 63 50 72 91 83 72 70 87 72 71 65 13 63 68 70 87 88 68 79 65 13 118 120 102 102 104 118 118 13 63 50 68 70 87 88 68 79 65 2 0 0 0 0 0 0 0 0 0 0 0 0 0 0 0 0 0 0 0 0 0 0 0 0 0 0 0 0 0 0 0 0 0 0 0 0 0 0 0 0 0 0 0 0 0 0 0 0 0 0 0 0 0 0 0 0 0 0 0 0 0 0 0 0 0 0 0 0 0 0 0 0 0 0 0 0 0 0 0
