1 63 74 82 68 79 65 13 68 120 119 114 113 114 112 114 120 118 35 85 120 118 119 35 82 122 113 104 117 118 107 108 115 35 79 104 100 117 113 108 113 106 35 68 120 119 114 113 114 112 114 120 118 35 69 100 119 102 107 35 52 13 63 50 74 82 68 79 65 13 63 87 68 86 78 65 13 90 117 108 119 104 35 100 35 85 120 118 119 35 115 117 114 106 117 100 112 35 119 107 100 119 35 103 104 105 108 113 104 118 35 100 35 118 119 117 120 102 119 35 122 108 119 107 35 119 122 2
1 114 35 105 108 104 111 103 118 47 35 101 114 117 117 114 122 118 35 119 107 104 35 118 119 117 120 102 119 35 108 112 112 120 119 100 101 111 124 35 119 114 35 117 104 100 103 35 100 35 105 108 104 111 103 47 35 119 107 104 113 35 112 120 119 100 101 111 124 35 119 114 35 120 115 103 100 119 104 35 100 35 105 108 104 111 103 47 35 100 118 118 104 117 119 108 113 106 35 119 107 104 35 120 115 103 100 119 104 103 35 121 100 111 120 104 35 112 100 119 102 107 104 118 35 100 113 2
1 35 104 123 115 104 102 119 104 103 35 108 113 119 104 106 104 117 49 13 63 50 87 68 86 78 65 13 63 79 68 81 74 88 68 74 72 65 13 117 120 118 119 13 63 50 79 68 81 74 88 68 74 72 65 13 63 86 82 88 85 70 72 65 13 118 119 117 120 102 119 35 71 100 119 100 35 126 13 35 35 35 35 121 100 111 120 104 61 35 108 54 53 47 13 35 35 35 35 111 100 101 104 111 61 35 86 119 117 108 113 106 47 13 128 13 13 105 113 35 112 100 108 113 43 44 35 2
1 126 13 35 35 35 35 111 104 119 35 112 120 119 35 103 100 119 100 35 64 35 71 100 119 100 35 126 13 35 35 35 35 35 35 35 35 121 100 111 120 104 61 35 52 51 47 13 35 35 35 35 35 35 35 35 111 100 101 104 111 61 35 37 108 113 108 119 108 100 111 37 49 119 114 98 118 119 117 108 113 106 43 44 47 13 35 35 35 35 128 62 13 13 35 35 35 35 50 50 35 76 112 112 120 119 100 101 111 104 35 101 114 117 117 114 122 35 119 114 35 117 104 100 103 35 100 2
1 35 105 108 104 111 103 13 35 35 35 35 111 104 119 35 121 35 64 35 103 100 119 100 49 121 100 111 120 104 62 13 35 35 35 35 111 104 119 35 111 35 64 35 103 100 119 100 49 111 100 101 104 111 49 102 111 114 113 104 43 44 62 13 13 35 35 35 35 50 50 35 80 120 119 100 101 111 104 35 101 114 117 117 114 122 35 119 114 35 120 115 103 100 119 104 35 100 35 105 108 104 111 103 13 35 35 35 35 103 100 119 100 49 121 100 111 120 104 35 64 35 53 51 62 13 35 2
1 35 35 35 103 100 119 100 49 111 100 101 104 111 35 64 35 37 120 115 103 100 119 104 103 37 49 119 114 98 118 119 117 108 113 106 43 44 62 13 13 35 35 35 35 50 50 35 68 118 118 104 117 119 35 119 107 104 35 120 115 103 100 119 104 103 35 121 100 111 120 104 35 112 100 119 102 107 104 118 35 119 107 104 35 104 123 115 104 102 119 104 103 35 108 113 119 104 106 104 117 13 35 35 35 35 100 118 118 104 117 119 98 104 116 36 43 103 100 119 100 49 121 100 111 120 104 2
1 47 35 53 51 44 62 13 13 35 35 35 35 115 117 108 113 119 111 113 36 43 37 82 122 113 104 117 118 107 108 115 35 119 104 118 119 35 115 100 118 118 104 103 37 44 62 13 128 13 63 50 86 82 88 85 70 72 65 13 63 72 91 83 72 70 87 72 71 65 13 82 122 113 104 117 118 107 108 115 35 119 104 118 119 35 115 100 118 118 104 103 13 63 50 72 91 83 72 70 87 72 71 65 13 63 68 70 87 88 68 79 65 13 82 122 113 104 117 118 107 108 115 35 119 104 118 2
1 119 35 115 100 118 118 104 103 13 63 50 68 70 87 88 68 79 65 2 0 0 0 0 0 0 0 0 0 0 0 0 0 0 0 0 0 0 0 0 0 0 0 0 0 0 0 0 0 0 0 0 0 0 0 0 0 0 0 0 0 0 0 0 0 0 0 0 0 0 0 0 0 0 0 0 0 0 0 0 0 0 0 0 0 0 0 0 0 0 0 0 0 0 0 0 0 0 0 0 0 0 0 0 0 0 0 0 0 0 0 0 0 0 0 0 0 0 0 0 0 0 0 0 0 0 0 0
1 63 74 82 68 79 65 13 68 120 119 114 113 114 112 114 120 118 35 85 120 118 119 35 82 122 113 104 117 118 107 108 115 35 79 104 100 117 113 108 113 106 35 68 120 119 114 113 114 112 114 120 118 35 69 100 119 102 107 35 52 13 63 50 74 82 68 79 65 13 63 87 68 86 78 65 13 90 117 108 119 104 35 100 35 85 120 118 119 35 115 117 114 106 117 100 112 35 119 107 100 119 35 102 117 104 100 119 104 118 35 100 35 117 104 105 104 117 104 113 102 104 35 119 114 35 100 2
1 35 118 119 117 108 113 106 35 111 108 119 104 117 100 111 47 35 100 119 119 104 112 115 119 118 35 119 114 35 112 114 121 104 35 119 107 104 35 117 104 105 104 117 104 113 102 104 35 108 113 119 114 35 100 35 105 120 113 102 119 108 114 113 35 104 123 115 104 102 119 108 113 106 35 100 113 35 114 122 113 104 103 35 86 119 117 108 113 106 47 35 100 118 118 104 117 119 118 35 119 107 104 35 102 114 112 115 108 111 100 119 108 114 113 35 122 114 120 111 103 35 105 100 108 111 35 2
1 108 105 35 117 120 113 47 35 119 107 104 113 35 108 112 115 111 104 112 104 113 119 118 35 100 35 105 120 113 102 119 108 114 113 35 119 100 110 108 113 106 35 100 35 117 104 105 104 117 104 113 102 104 35 100 113 103 35 100 118 118 104 117 119 118 35 119 107 104 35 105 120 113 102 119 108 114 113 35 102 100 111 111 35 118 120 102 102 104 104 103 118 49 13 63 50 87 68 86 78 65 13 63 79 68 81 74 88 68 74 72 65 13 117 120 118 119 13 63 50 79 68 81 74 88 68 2
1 74 72 65 13 63 86 82 88 85 70 72 65 13 105 113 35 112 100 108 113 43 44 35 126 13 35 35 35 35 50 50 35 68 119 119 104 112 115 119 35 119 114 35 112 114 121 104 35 100 35 117 104 105 104 117 104 113 102 104 35 108 113 119 114 35 100 35 105 120 113 102 119 108 114 113 35 104 123 115 104 102 119 108 113 106 35 100 113 35 114 122 113 104 103 35 86 119 117 108 113 106 13 35 35 35 35 111 104 119 35 118 35 64 35 37 107 104 111 111 114 37 62 13 35 35 35 2
1 35 111 104 119 35 117 35 64 35 41 118 62 13 35 35 35 35 13 35 35 35 35 50 50 35 87 107 108 118 35 122 114 120 111 103 35 105 100 108 111 35 119 114 35 102 114 112 115 108 111 104 35 108 105 35 120 113 102 114 112 112 104 113 119 104 103 61 13 35 35 35 35 50 50 35 111 104 119 35 114 122 113 104 103 35 64 35 117 49 119 114 98 118 119 117 108 113 106 43 44 62 35 50 50 35 72 117 117 114 117 61 35 102 100 113 113 114 119 35 112 114 121 104 35 100 35 2
1 117 104 105 104 117 104 113 102 104 35 108 113 119 114 35 100 35 105 120 113 102 119 108 114 113 35 104 123 115 104 102 119 108 113 106 35 100 113 35 114 122 113 104 103 35 86 119 117 108 113 106 13 35 35 35 35 13 35 35 35 35 50 50 35 76 112 115 111 104 112 104 113 119 35 100 35 105 120 113 102 119 108 114 113 35 119 100 110 108 113 106 35 100 35 117 104 105 104 117 104 113 102 104 13 35 35 35 35 105 113 35 115 117 114 102 104 118 118 98 118 119 117 108 113 106 98 2
1 117 104 105 43 118 61 35 41 118 119 117 44 35 48 65 35 86 119 117 108 113 106 35 126 13 35 35 35 35 35 35 35 35 105 114 117 112 100 119 36 43 37 83 117 114 102 104 118 118 104 103 61 35 126 128 37 47 35 118 44 13 35 35 35 35 128 13 35 35 35 35 13 35 35 35 35 50 50 35 68 118 118 104 117 119 35 119 107 100 119 35 119 107 104 35 105 120 113 102 119 108 114 113 35 102 100 111 111 35 122 108 119 107 35 100 35 117 104 105 104 117 104 113 102 104 35 2
1 118 120 102 102 104 104 103 118 13 35 35 35 35 111 104 119 35 117 104 118 120 111 119 35 64 35 115 117 114 102 104 118 118 98 118 119 117 108 113 106 98 117 104 105 43 117 44 62 13 35 35 35 35 100 118 118 104 117 119 98 104 116 36 43 117 104 118 120 111 119 47 35 37 83 117 114 102 104 118 118 104 103 61 35 107 104 111 111 114 37 44 62 13 35 35 35 35 13 35 35 35 35 115 117 108 113 119 111 113 36 43 37 82 122 113 104 117 118 107 108 115 35 119 104 118 119 2
1 35 115 100 118 118 104 103 37 44 62 13 128 13 63 50 86 82 88 85 70 72 65 13 63 72 91 83 72 70 87 72 71 65 13 82 122 113 104 117 118 107 108 115 35 119 104 118 119 35 115 100 118 118 104 103 13 63 50 72 91 83 72 70 87 72 71 65 13 63 68 70 87 88 68 79 65 13 82 122 113 104 117 118 107 108 115 35 119 104 118 119 35 115 100 118 118 104 103 13 63 50 68 70 87 88 68 79 65 2 0 0 0 0 0 0 0 0 0 0 0 0 0 0 0 0 0 0
1 63 74 82 68 79 65 13 68 120 119 114 113 114 112 114 120 118 35 85 120 118 119 35 82 122 113 104 117 118 107 108 115 35 86 119 114 117 100 106 104 35 87 104 118 119 13 63 50 74 82 68 79 65 13 63 87 68 86 78 65 13 70 117 104 100 119 104 35 100 35 85 120 118 119 35 115 117 114 106 117 100 112 35 120 118 108 113 106 35 69 114 123 63 108 54 53 65 35 114 122 113 104 117 118 107 108 115 49 13 80 114 121 104 35 100 35 69 114 123 35 102 114 113 119 100 108 2
1 113 108 113 106 35 55 53 35 108 113 119 114 35 100 35 118 119 117 120 102 119 47 35 100 118 118 104 117 119 35 119 107 100 119 35 119 107 104 35 118 119 117 120 102 119 35 114 122 113 118 35 55 53 47 13 100 113 103 35 115 117 108 113 119 35 100 35 118 120 102 102 104 118 118 35 112 100 117 110 104 117 49 13 63 50 87 68 86 78 65 13 63 79 68 81 74 88 68 74 72 65 13 117 120 118 119 13 63 50 79 68 81 74 88 68 74 72 65 13 63 86 82 88 85 70 72 2
1 65 13 118 119 117 120 102 119 35 70 114 113 119 100 108 113 104 117 35 126 13 35 35 35 35 121 100 111 120 104 61 35 69 114 123 63 108 54 53 65 47 13 128 13 13 105 113 35 112 100 108 113 43 44 35 126 13 35 35 35 35 111 104 119 35 101 114 123 104 103 98 121 100 111 120 104 35 64 35 69 114 123 61 61 113 104 122 43 55 53 44 62 13 35 35 35 35 111 104 119 35 102 114 113 119 100 108 113 104 117 35 64 35 70 114 113 119 100 108 113 104 117 35 126 35 121 2
1 100 111 120 104 61 35 101 114 123 104 103 98 121 100 111 120 104 35 128 62 13 13 35 35 35 35 50 50 35 68 118 118 104 117 119 35 119 107 100 119 35 119 107 104 35 118 119 117 120 102 119 35 114 122 113 118 35 119 107 104 35 69 114 123 35 102 114 113 119 100 108 113 108 113 106 35 55 53 13 35 35 35 35 100 118 118 104 117 119 98 104 116 36 43 45 102 114 113 119 100 108 113 104 117 49 121 100 111 120 104 47 35 55 53 44 62 13 13 35 35 35 35 50 50 35 83 2
1 117 108 113 119 35 118 120 102 102 104 118 118 35 112 100 117 110 104 117 13 35 35 35 35 115 117 108 113 119 111 113 36 43 37 82 122 113 104 117 118 107 108 115 35 121 104 117 108 105 108 104 103 61 35 55 53 37 44 62 13 128 13 63 50 86 82 88 85 70 72 65 13 63 72 91 83 72 70 87 72 71 65 13 82 122 113 104 117 118 107 108 115 35 121 104 117 108 105 108 104 103 61 35 55 53 13 63 50 72 91 83 72 70 87 72 71 65 13 63 68 70 87 88 68 79 65 2
1 13 82 122 113 104 117 118 107 108 115 35 121 104 117 108 105 108 104 103 61 35 55 53 13 63 50 68 70 87 88 68 79 65 2 0 0 0 0 0 0 0 0 0 0 0 0 0 0 0 0 0 0 0 0 0 0 0 0 0 0 0 0 0 0 0 0 0 0 0 0 0 0 0 0 0 0 0 0 0 0 0 0 0 0 0 0 0 0 0 0 0 0 0 0 0 0 0 0 0 0 0 0 0 0 0 0 0 0 0 0 0 0 0 0 0 0 0 0 0 0 0 0 0 0 0 0 0
1 63 74 82 68 79 65 13 68 120 119 114 113 114 112 114 120 118 35 85 120 118 119 35 69 114 117 117 114 122 108 113 106 35 79 108 105 104 119 108 112 104 118 35 74 104 113 104 117 108 102 118 35 70 111 114 113 104 35 79 104 100 117 113 108 113 106 35 68 120 119 114 113 114 112 114 120 118 35 69 100 119 102 107 35 54 13 63 50 74 82 68 79 65 13 63 87 68 86 78 65 13 90 117 108 119 104 35 100 35 85 120 118 119 35 115 117 114 106 117 100 112 35 108 113 35 100 2
1 35 118 108 113 106 111 104 35 105 108 111 104 35 119 107 100 119 35 120 118 104 118 35 69 114 123 63 87 65 35 119 114 35 118 119 114 117 104 35 100 35 121 100 111 120 104 35 122 108 119 107 35 100 35 118 115 104 102 108 105 108 102 35 111 108 105 104 119 108 112 104 47 35 100 119 119 104 112 115 119 118 35 119 114 35 112 114 121 104 35 119 107 104 35 69 114 123 35 108 113 119 114 35 100 35 105 120 113 102 119 108 114 113 47 35 100 113 103 35 100 118 118 104 117 119 118 2
1 35 119 107 100 119 35 119 107 104 35 114 117 108 106 108 113 100 111 35 121 100 117 108 100 101 111 104 35 108 118 35 113 114 35 111 114 113 106 104 117 35 100 102 102 104 118 118 108 101 111 104 47 35 115 117 108 113 119 108 113 106 35 37 83 68 86 86 37 35 108 105 35 119 107 104 35 112 114 121 104 35 118 104 112 100 113 119 108 102 118 35 100 117 104 35 102 114 117 117 104 102 119 111 124 35 104 113 105 114 117 102 104 103 49 13 63 50 87 68 86 78 65 13 63 79 68 2
1 81 74 88 68 74 72 65 13 117 120 118 119 13 63 50 79 68 81 74 88 68 74 72 65 13 63 86 82 88 85 70 72 65 13 105 113 35 112 100 108 113 43 44 35 126 13 35 35 35 35 50 50 35 71 104 105 108 113 104 35 100 35 118 119 117 120 102 119 35 122 108 119 107 35 100 35 111 108 105 104 119 108 112 104 35 115 100 117 100 112 104 119 104 117 35 119 114 35 118 119 114 117 104 35 100 35 117 104 105 104 117 104 113 102 104 13 35 35 35 35 118 119 117 120 102 119 2
1 35 70 114 113 119 100 108 113 104 117 63 42 100 65 35 126 13 35 35 35 35 35 35 35 35 121 100 111 120 104 61 35 41 42 100 35 108 54 53 47 13 35 35 35 35 128 13 13 35 35 35 35 50 50 35 70 117 104 100 119 104 35 100 35 121 100 111 120 104 35 122 108 119 107 35 100 35 118 115 104 102 108 105 108 102 35 111 108 105 104 119 108 112 104 13 35 35 35 35 111 104 119 35 123 35 64 35 55 53 62 13 35 35 35 35 111 104 119 35 102 114 113 119 100 108 113 2
1 104 117 35 64 35 70 114 113 119 100 108 113 104 117 35 126 35 121 100 111 120 104 61 35 41 123 35 128 62 13 13 35 35 35 35 50 50 35 68 119 119 104 112 115 119 35 119 114 35 112 114 121 104 35 119 107 104 35 69 114 123 35 108 113 119 114 35 100 35 105 120 113 102 119 108 114 113 13 35 35 35 35 111 104 119 35 101 114 123 104 103 98 102 114 113 119 100 108 113 104 117 35 64 35 69 114 123 61 61 113 104 122 43 102 114 113 119 100 108 113 104 117 44 62 13 13 2
1 35 35 35 35 50 50 35 87 117 124 35 119 114 35 100 102 102 104 118 118 35 119 107 104 35 114 117 108 106 108 113 100 111 35 121 100 117 108 100 101 111 104 35 100 105 119 104 117 35 119 107 104 35 112 114 121 104 13 35 35 35 35 50 50 35 87 107 108 118 35 118 107 114 120 111 103 35 105 100 108 111 35 119 114 35 102 114 112 115 108 111 104 35 108 105 35 112 114 121 104 35 118 104 112 100 113 119 108 102 118 35 100 117 104 35 102 114 117 117 104 102 119 111 124 35 104 2
1 113 105 114 117 102 104 103 13 35 35 35 35 50 50 35 75 114 122 104 121 104 117 47 35 118 108 113 102 104 35 122 104 35 100 117 104 35 120 118 108 113 106 35 100 35 69 114 123 47 35 119 107 104 35 114 117 108 106 108 113 100 111 35 121 100 117 108 100 101 111 104 35 108 118 35 118 119 108 111 111 35 100 102 102 104 118 118 108 101 111 104 13 35 35 35 35 50 50 35 90 104 35 113 104 104 103 35 119 114 35 100 118 118 104 117 119 35 119 107 100 119 35 119 107 104 35 2
1 112 114 121 104 35 118 104 112 100 113 119 108 102 118 35 100 117 104 35 102 114 117 117 104 102 119 111 124 35 104 113 105 114 117 102 104 103 35 101 124 35 102 107 104 102 110 108 113 106 13 35 35 35 35 50 50 35 119 107 100 119 35 119 107 104 35 114 117 108 106 108 113 100 111 35 121 100 117 108 100 101 111 104 35 108 118 35 113 114 119 35 100 102 102 104 118 118 108 101 111 104 35 100 105 119 104 117 35 119 107 104 35 112 114 121 104 13 13 35 35 35 35 50 50 35 71 2
1 117 114 115 35 119 107 104 35 101 114 123 104 103 35 102 114 113 119 100 108 113 104 117 35 119 114 35 105 117 104 104 35 119 107 104 35 112 104 112 114 117 124 13 35 35 35 35 103 117 114 115 43 101 114 123 104 103 98 102 114 113 119 100 108 113 104 117 44 62 13 13 35 35 35 35 50 50 35 81 114 122 35 119 107 104 35 114 117 108 106 108 113 100 111 35 121 100 117 108 100 101 111 104 35 118 107 114 120 111 103 35 101 104 35 100 102 102 104 118 118 108 101 111 104 35 100 2
1 106 100 108 113 13 35 35 35 35 115 117 108 113 119 111 113 36 43 37 87 107 104 35 114 117 108 106 108 113 100 111 35 121 100 117 108 100 101 111 104 35 108 118 35 118 119 108 111 111 35 100 102 102 104 118 118 108 101 111 104 61 35 126 128 37 47 35 123 44 62 13 13 35 35 35 35 50 50 35 68 118 118 104 117 119 35 119 107 100 119 35 119 107 104 35 112 114 121 104 35 118 104 112 100 113 119 108 102 118 35 100 117 104 35 102 114 117 117 104 102 119 111 124 35 104 113 2
1 105 114 117 102 104 103 13 35 35 35 35 100 118 118 104 117 119 36 43 119 117 120 104 44 62 13 13 35 35 35 35 115 117 108 113 119 111 113 36 43 37 83 68 86 86 37 44 62 13 128 13 63 50 86 82 88 85 70 72 65 13 63 72 91 83 72 70 87 72 71 65 13 83 68 86 86 13 63 50 72 91 83 72 70 87 72 71 65 13 63 68 70 87 88 68 79 65 13 87 107 104 35 114 117 108 106 108 113 100 111 35 121 100 117 108 100 101 111 104 35 108 118 35 118 119 108 2
1 111 111 35 100 102 102 104 118 118 108 101 111 104 61 35 55 53 13 83 68 86 86 13 63 50 68 70 87 88 68 79 65 2 0 0 0 0 0 0 0 0 0 0 0 0 0 0 0 0 0 0 0 0 0 0 0 0 0 0 0 0 0 0 0 0 0 0 0 0 0 0 0 0 0 0 0 0 0 0 0 0 0 0 0 0 0 0 0 0 0 0 0 0 0 0 0 0 0 0 0 0 0 0 0 0 0 0 0 0 0 0 0 0 0 0 0 0 0 0 0 0 0 0 0 0 0 0
1 63 74 82 68 79 65 13 68 120 119 114 113 114 112 114 120 118 35 85 120 118 119 35 82 122 113 104 117 118 107 108 115 35 70 114 117 115 120 118 35 68 120 119 114 113 114 112 114 120 118 35 69 100 119 102 107 35 52 13 63 50 74 82 68 79 65 13 63 87 68 86 78 65 13 70 117 104 100 119 104 35 100 35 85 120 118 119 35 115 117 114 106 117 100 112 35 119 107 100 119 35 122 117 100 115 118 35 100 35 121 100 111 120 104 35 108 113 35 100 113 35 85 102 63 87 65 2
1 47 35 108 113 102 117 104 112 104 113 119 118 35 100 35 102 114 120 113 119 104 117 35 108 113 118 108 103 104 35 119 107 104 35 121 100 111 120 104 47 35 100 113 103 35 100 118 118 104 117 119 118 35 119 107 100 119 35 102 111 114 113 108 113 106 35 119 107 104 35 85 102 35 108 113 102 117 104 112 104 113 119 118 35 119 107 104 35 102 114 120 113 119 104 117 35 122 107 108 111 104 35 119 107 104 35 114 117 108 106 108 113 100 111 35 117 104 105 104 117 104 113 102 104 35 117 2
1 104 112 100 108 113 118 35 121 100 111 108 103 49 13 63 50 87 68 86 78 65 13 63 79 68 81 74 88 68 74 72 65 13 117 120 118 119 13 63 50 79 68 81 74 88 68 74 72 65 13 63 86 82 88 85 70 72 65 13 120 118 104 35 118 119 103 61 61 117 102 61 61 85 102 62 13 13 105 113 35 112 100 108 113 43 44 35 126 13 35 35 35 35 111 104 119 35 103 100 119 100 35 64 35 85 102 61 61 113 104 122 43 51 44 62 13 35 35 35 35 111 104 119 35 102 111 2
1 114 113 104 103 35 64 35 85 102 61 61 102 111 114 113 104 43 41 103 100 119 100 44 62 13 35 35 35 35 100 118 118 104 117 119 98 104 116 36 43 45 103 100 119 100 47 35 51 44 62 13 35 35 35 35 100 118 118 104 117 119 98 104 116 36 43 45 102 111 114 113 104 103 47 35 51 44 62 13 35 35 35 35 115 117 108 113 119 111 113 36 43 37 118 120 102 102 104 118 118 37 44 62 13 128 13 63 50 86 82 88 85 70 72 65 13 63 72 91 83 72 70 87 72 71 65 2
1 13 118 120 102 102 104 118 118 13 63 50 72 91 83 72 70 87 72 71 65 13 63 68 70 87 88 68 79 65 13 118 120 102 102 104 118 118 13 63 50 68 70 87 88 68 79 65 2 0 0 0 0 0 0 0 0 0 0 0 0 0 0 0 0 0 0 0 0 0 0 0 0 0 0 0 0 0 0 0 0 0 0 0 0 0 0 0 0 0 0 0 0 0 0 0 0 0 0 0 0 0 0 0 0 0 0 0 0 0 0 0 0 0 0 0 0 0 0 0 0 0 0 0 0 0 0 0
1 63 74 82 68 79 65 13 68 120 119 114 113 114 112 114 120 118 35 85 120 118 119 35 82 122 113 104 117 118 107 108 115 35 79 104 100 117 113 108 113 106 35 68 120 119 114 113 114 112 114 120 118 35 69 100 119 102 107 35 53 13 63 50 74 82 68 79 65 13 63 87 68 86 78 65 13 90 117 108 119 104 35 100 35 85 120 118 119 35 115 117 114 106 117 100 112 35 119 107 100 119 35 102 117 104 100 119 104 118 35 100 35 121 104 102 119 114 117 35 114 105 35 52 51 35 114 2
1 122 113 104 103 35 108 113 119 104 106 104 117 118 47 35 112 114 121 104 118 35 119 107 104 35 105 108 117 118 119 35 104 111 104 112 104 113 119 35 108 113 119 114 35 100 35 113 104 122 35 121 100 117 108 100 101 111 104 47 35 100 118 118 104 117 119 118 35 119 107 104 35 114 117 108 106 108 113 100 111 35 121 104 102 119 114 117 42 118 35 111 104 113 106 119 107 35 103 104 102 117 104 100 118 104 103 35 101 124 35 114 113 104 47 35 100 113 103 35 115 117 108 113 119 118 35 2
1 119 107 104 35 112 114 121 104 103 35 121 100 111 120 104 49 13 63 50 87 68 86 78 65 13 63 79 68 81 74 88 68 74 72 65 13 117 120 118 119 13 63 50 79 68 81 74 88 68 74 72 65 13 63 86 82 88 85 70 72 65 13 105 113 35 112 100 108 113 43 44 35 126 13 35 35 35 35 111 104 119 35 112 120 119 35 121 104 102 61 35 89 104 102 63 108 54 53 65 35 64 35 43 51 49 49 52 51 44 49 102 114 111 111 104 102 119 43 44 62 13 35 35 35 35 13 2
1 35 35 35 35 111 104 119 35 105 108 117 118 119 35 64 35 121 104 102 49 117 104 112 114 121 104 43 51 44 62 13 35 35 35 35 13 35 35 35 35 100 118 118 104 117 119 98 104 116 36 43 121 104 102 49 111 104 113 43 44 47 35 60 44 62 13 35 35 35 35 13 35 35 35 35 115 117 108 113 119 111 113 36 43 37 80 114 121 104 103 35 121 100 111 120 104 61 35 126 128 37 47 35 105 108 117 118 119 44 62 13 35 35 35 35 115 117 108 113 119 111 113 36 43 37 82 2
1 122 113 104 117 118 107 108 115 35 119 104 118 119 35 115 100 118 118 104 103 37 44 62 13 128 13 63 50 86 82 88 85 70 72 65 13 63 72 91 83 72 70 87 72 71 65 13 82 122 113 104 117 118 107 108 115 35 119 104 118 119 35 115 100 118 118 104 103 13 63 50 72 91 83 72 70 87 72 71 65 13 63 68 70 87 88 68 79 65 13 80 114 121 104 103 35 121 100 111 120 104 61 35 51 13 82 122 113 104 117 118 107 108 115 35 119 104 118 119 35 115 100 118 118 104 103 2
1 13 63 50 68 70 87 88 68 79 65 2 0 0 0 0 0 0 0 0 0 0 0 0 0 0 0 0 0 0 0 0 0 0 0 0 0 0 0 0 0 0 0 0 0 0 0 0 0 0 0 0 0 0 0 0 0 0 0 0 0 0 0 0 0 0 0 0 0 0 0 0 0 0 0 0 0 0 0 0 0 0 0 0 0 0 0 0 0 0 0 0 0 0 0 0 0 0 0 0 0 0 0 0 0 0 0 0 0 0 0 0 0 0 0 0 0 0 0 0 0 0 0 0 0 0 0 0
1 63 74 82 68 79 65 13 68 120 119 114 113 114 112 114 120 118 35 85 120 118 119 35 82 122 113 104 117 118 107 108 115 35 86 119 114 117 100 106 104 35 87 104 118 119 13 63 50 74 82 68 79 65 13 63 87 68 86 78 65 13 70 117 104 100 119 104 35 100 35 85 120 118 119 35 115 117 114 106 117 100 112 35 120 118 108 113 106 35 69 114 123 63 108 54 53 65 35 114 122 113 104 117 118 107 108 115 49 13 80 114 121 104 35 100 35 69 114 123 35 102 114 113 119 100 108 2
1 113 108 113 106 35 55 53 35 108 113 119 114 35 100 35 118 119 117 120 102 119 47 35 100 118 118 104 117 119 35 119 107 100 119 35 119 107 104 35 118 119 117 120 102 119 35 114 122 113 118 35 55 53 47 13 100 113 103 35 115 117 108 113 119 35 100 35 118 120 102 102 104 118 118 35 112 100 117 110 104 117 49 13 63 50 87 68 86 78 65 13 63 79 68 81 74 88 68 74 72 65 13 117 120 118 119 13 63 50 79 68 81 74 88 68 74 72 65 13 63 86 82 88 85 70 72 2
1 65 13 118 119 117 120 102 119 35 70 114 113 119 100 108 113 104 117 35 126 13 35 35 35 35 121 100 111 120 104 61 35 69 114 123 63 108 54 53 65 47 13 128 13 13 105 113 35 112 100 108 113 43 44 35 126 13 35 35 35 35 111 104 119 35 101 114 123 104 103 98 121 100 111 120 104 35 64 35 69 114 123 61 61 113 104 122 43 55 53 44 62 13 35 35 35 35 111 104 119 35 102 114 113 119 100 108 113 104 117 35 64 35 70 114 113 119 100 108 113 104 117 35 126 35 121 2
1 100 111 120 104 61 35 101 114 123 104 103 98 121 100 111 120 104 35 128 62 13 35 35 35 35 13 35 35 35 35 50 50 35 68 118 118 104 117 119 35 119 107 100 119 35 119 107 104 35 118 119 117 120 102 119 35 114 122 113 118 35 119 107 104 35 69 114 123 35 102 114 113 119 100 108 113 108 113 106 35 55 53 13 35 35 35 35 100 118 118 104 117 119 98 104 116 36 43 45 102 114 113 119 100 108 113 104 117 49 121 100 111 120 104 47 35 55 53 44 62 13 35 35 35 35 13 2
1 35 35 35 35 50 50 35 71 117 114 115 35 119 107 104 35 102 114 113 119 100 108 113 104 117 35 119 114 35 115 117 114 121 104 35 114 122 113 104 117 118 107 108 115 35 119 117 100 113 118 105 104 117 35 122 114 117 110 104 103 35 43 113 114 35 103 114 120 101 111 104 35 105 117 104 104 44 13 35 35 35 35 103 117 114 115 43 102 114 113 119 100 108 113 104 117 44 62 13 35 35 35 35 13 35 35 35 35 115 117 108 113 119 111 113 36 43 37 82 122 113 104 117 118 107 108 2
1 115 35 121 104 117 108 105 108 104 103 61 35 55 53 37 44 62 13 128 13 63 50 86 82 88 85 70 72 65 13 63 72 91 83 72 70 87 72 71 65 13 82 122 113 104 117 118 107 108 115 35 121 104 117 108 105 108 104 103 61 35 55 53 13 63 50 72 91 83 72 70 87 72 71 65 13 63 68 70 87 88 68 79 65 13 82 122 113 104 117 118 107 108 115 35 121 104 117 108 105 108 104 103 61 35 55 53 13 63 50 68 70 87 88 68 79 65 2 0 0 0 0 0 0 0 0 0
1 63 74 82 68 79 65 13 68 120 119 114 113 114 112 114 120 118 35 85 120 118 119 35 82 122 113 104 117 118 107 108 115 35 79 104 100 117 113 108 113 106 35 68 120 119 114 113 114 112 114 120 118 35 69 100 119 102 107 35 59 13 63 50 74 82 68 79 65 13 63 87 68 86 78 65 13 85 120 118 119 35 115 117 114 106 117 100 112 35 119 107 100 119 35 102 117 104 100 119 104 118 35 100 35 118 119 117 120 102 119 35 122 108 119 107 35 100 35 118 108 113 106 111 104 35 114 2
1 122 113 104 103 35 86 119 117 108 113 106 35 105 108 104 111 103 47 35 112 114 121 104 118 35 119 107 104 35 105 108 104 111 103 35 108 113 119 114 35 100 35 105 120 113 102 119 108 114 113 47 35 100 118 118 104 117 119 118 35 119 107 104 35 114 117 108 106 108 113 100 111 35 118 119 117 120 102 119 35 108 118 35 113 114 122 35 108 113 121 100 111 108 103 47 35 119 107 104 113 35 102 117 104 100 119 104 118 35 100 35 113 104 122 35 108 113 118 119 100 113 102 104 35 119 114 2
1 35 115 117 114 121 104 35 119 107 104 35 112 114 121 104 35 122 100 118 35 118 120 102 102 104 118 118 105 120 111 49 13 63 50 87 68 86 78 65 13 63 79 68 81 74 88 68 74 72 65 13 117 120 118 119 13 63 50 79 68 81 74 88 68 74 72 65 13 63 86 82 88 85 70 72 65 13 118 119 117 120 102 119 35 70 114 113 119 100 108 113 104 117 35 126 13 35 35 35 35 103 100 119 100 61 35 86 119 117 108 113 106 47 13 128 13 13 105 113 35 102 114 113 118 120 112 2
1 104 98 103 100 119 100 43 102 114 113 119 100 108 113 104 117 61 35 70 114 113 119 100 108 113 104 117 44 35 48 65 35 86 119 117 108 113 106 35 126 13 35 35 35 35 102 114 113 119 100 108 113 104 117 49 103 100 119 100 13 128 13 13 105 113 35 112 100 108 113 43 44 35 126 13 35 35 35 35 111 104 119 35 112 120 119 35 114 117 108 106 108 113 100 111 35 64 35 70 114 113 119 100 108 113 104 117 35 126 13 35 35 35 35 35 35 35 35 103 100 119 100 61 35 86 119 2
1 117 108 113 106 61 61 105 117 114 112 43 37 75 104 111 111 114 47 35 85 120 118 119 36 37 44 47 13 35 35 35 35 128 62 13 13 35 35 35 35 50 50 35 68 119 119 104 112 115 119 35 119 114 35 112 114 121 104 35 119 107 104 35 105 108 104 111 103 35 108 113 119 114 35 100 35 105 120 113 102 119 108 114 113 13 35 35 35 35 111 104 119 35 112 114 121 104 103 98 121 100 111 120 104 35 64 35 102 114 113 118 120 112 104 98 103 100 119 100 43 114 117 108 106 108 113 2
1 100 111 44 62 13 13 35 35 35 35 50 50 35 87 107 108 118 35 122 108 111 111 35 105 100 108 111 35 119 114 35 102 114 112 115 108 111 104 35 108 105 35 114 117 108 106 108 113 100 111 35 108 118 35 118 119 108 111 111 35 121 100 111 108 103 47 35 115 117 114 121 108 113 106 35 119 107 104 35 112 114 121 104 13 35 35 35 35 50 50 35 90 104 35 120 118 104 35 100 113 35 100 118 118 104 117 119 108 114 113 35 119 114 35 102 107 104 102 110 35 119 107 104 35 112 114 2
1 121 104 103 35 121 100 111 120 104 35 102 114 113 119 104 113 119 13 35 35 35 35 100 118 118 104 117 119 98 104 116 36 43 112 114 121 104 103 98 121 100 111 120 104 47 35 37 75 104 111 111 114 47 35 85 120 118 119 36 37 44 62 13 13 35 35 35 35 50 50 35 70 117 104 100 119 104 35 100 35 113 104 122 35 108 113 118 119 100 113 102 104 35 119 114 35 115 117 114 121 104 35 119 107 104 35 114 117 108 106 108 113 100 111 35 122 100 118 35 108 113 121 100 111 108 103 2
1 100 119 104 103 35 100 113 103 35 117 104 115 111 100 102 104 103 13 35 35 35 35 111 104 119 35 113 104 122 98 108 113 118 119 100 113 102 104 35 64 35 70 114 113 119 100 108 113 104 117 35 126 13 35 35 35 35 35 35 35 35 103 100 119 100 61 35 86 119 117 108 113 106 61 61 105 117 114 112 43 37 81 104 122 35 103 100 119 100 37 44 47 13 35 35 35 35 128 62 13 13 35 35 35 35 115 117 108 113 119 111 113 36 43 37 82 122 113 104 117 118 107 108 115 35 119 2
1 104 118 119 35 115 100 118 118 104 103 37 44 62 13 128 13 63 50 86 82 88 85 70 72 65 13 63 72 91 83 72 70 87 72 71 65 13 82 122 113 104 117 118 107 108 115 35 119 104 118 119 35 115 100 118 118 104 103 13 63 50 72 91 83 72 70 87 72 71 65 13 63 68 70 87 88 68 79 65 13 82 122 113 104 117 118 107 108 115 35 119 104 118 119 35 115 100 118 118 104 103 13 63 50 68 70 87 88 68 79 65 2 0 0 0 0 0 0 0 0 0 0 0 0 0 0 0
1 63 74 82 68 79 65 13 68 120 119 114 113 114 112 114 120 118 35 85 120 118 119 35 82 122 113 104 117 118 107 108 115 35 79 104 100 117 113 108 113 106 35 68 120 119 114 113 114 112 114 120 118 35 69 100 119 102 107 35 54 13 63 50 74 82 68 79 65 13 63 87 68 86 78 65 13 90 117 108 119 104 35 100 35 85 120 118 119 35 115 117 114 106 117 100 112 35 119 107 100 119 35 102 117 104 100 119 104 118 35 100 35 118 119 117 120 102 119 35 122 108 119 107 35 100 35 2
1 118 108 113 106 111 104 35 114 122 113 104 103 35 86 119 117 108 113 106 35 105 108 104 111 103 47 35 112 114 121 104 118 35 119 107 104 35 118 119 117 120 102 119 35 108 113 119 114 35 100 35 105 120 113 102 119 108 114 113 47 35 117 104 119 120 117 113 118 35 119 107 104 35 105 108 104 111 103 35 101 124 35 121 100 111 120 104 47 35 100 113 103 35 100 118 118 104 117 119 118 35 119 107 100 119 35 119 107 104 35 114 117 108 106 108 113 100 111 35 118 119 117 120 102 119 35 2
1 108 118 35 103 117 114 115 115 104 103 35 108 112 112 104 103 108 100 119 104 111 124 35 100 105 119 104 117 35 119 107 104 35 112 114 121 104 49 13 63 50 87 68 86 78 65 13 63 79 68 81 74 88 68 74 72 65 13 117 120 118 119 13 63 50 79 68 81 74 88 68 74 72 65 13 63 86 82 88 85 70 72 65 13 118 119 117 120 102 119 35 70 114 113 119 100 108 113 104 117 35 126 13 35 35 35 35 121 100 111 120 104 61 35 86 119 117 108 113 106 47 13 128 13 13 105 2
1 113 35 112 100 108 113 43 44 35 126 13 35 35 35 35 111 104 119 35 112 120 119 35 102 114 113 119 100 108 113 104 117 35 64 35 70 114 113 119 100 108 113 104 117 35 126 13 35 35 35 35 35 35 35 35 121 100 111 120 104 61 35 86 119 117 108 113 106 61 61 105 117 114 112 43 37 107 104 111 111 114 37 44 47 13 35 35 35 35 128 62 13 13 35 35 35 35 50 50 35 80 114 121 104 35 119 107 104 35 118 119 117 120 102 119 35 108 113 119 114 35 100 35 105 120 113 2
1 102 119 108 114 113 13 35 35 35 35 111 104 119 35 117 104 119 120 117 113 104 103 98 121 100 111 120 104 35 64 35 106 104 119 98 121 100 111 120 104 43 102 114 113 119 100 108 113 104 117 44 62 13 13 35 35 35 35 50 50 35 68 119 35 119 107 108 118 35 115 114 108 113 119 47 35 42 102 114 113 119 100 108 113 104 117 42 35 118 107 114 120 111 103 35 101 104 35 103 117 114 115 115 104 103 35 101 104 102 100 120 118 104 35 108 119 35 122 100 118 35 112 114 121 104 103 2
1 13 35 35 35 35 50 50 35 76 105 35 122 104 35 119 117 124 35 119 114 35 120 118 104 35 42 102 114 113 119 100 108 113 104 117 42 35 107 104 117 104 47 35 108 119 35 122 114 120 111 103 35 102 100 120 118 104 35 100 35 102 114 112 115 108 111 104 35 104 117 117 114 117 49 13 35 35 35 35 50 50 35 90 104 35 100 118 118 104 117 119 35 119 107 100 119 35 119 107 104 35 117 104 119 120 117 113 104 103 35 121 100 111 120 104 35 108 118 35 102 114 117 117 104 102 119 2
1 49 13 35 35 35 35 100 118 118 104 117 119 98 104 116 36 43 117 104 119 120 117 113 104 103 98 121 100 111 120 104 47 35 37 107 104 111 111 114 37 44 62 13 13 35 35 35 35 115 117 108 113 119 111 113 36 43 37 82 122 113 104 117 118 107 108 115 35 119 104 118 119 35 115 100 118 118 104 103 37 44 62 13 128 13 13 105 113 35 106 104 119 98 121 100 111 120 104 43 112 120 119 35 102 114 113 119 100 108 113 104 117 61 35 70 114 113 119 100 108 113 104 117 44 35 48 2
1 65 35 86 119 117 108 113 106 35 126 13 35 35 35 35 50 50 35 80 114 121 104 35 119 107 104 35 86 119 117 108 113 106 35 114 120 119 35 114 105 35 119 107 104 35 118 119 117 120 102 119 13 35 35 35 35 111 104 119 35 121 100 111 120 104 35 64 35 102 114 113 119 100 108 113 104 117 49 121 100 111 120 104 62 13 35 35 35 35 50 50 35 87 107 104 35 118 119 117 120 102 119 35 42 102 114 113 119 100 108 113 104 117 42 35 108 118 35 113 114 122 35 112 114 121 104 2
1 103 35 100 113 103 35 122 108 111 111 35 101 104 35 103 117 114 115 115 104 103 35 100 119 35 119 107 104 35 104 113 103 35 114 105 35 119 107 108 118 35 105 120 113 102 119 108 114 113 13 35 35 35 35 121 100 111 120 104 13 128 13 63 50 86 82 88 85 70 72 65 13 63 72 91 83 72 70 87 72 71 65 13 82 122 113 104 117 118 107 108 115 35 119 104 118 119 35 115 100 118 118 104 103 13 63 50 72 91 83 72 70 87 72 71 65 13 63 68 70 87 88 68 79 65 13 2
1 82 122 113 104 117 118 107 108 115 35 119 104 118 119 35 115 100 118 118 104 103 13 63 50 68 70 87 88 68 79 65 2 0 0 0 0 0 0 0 0 0 0 0 0 0 0 0 0 0 0 0 0 0 0 0 0 0 0 0 0 0 0 0 0 0 0 0 0 0 0 0 0 0 0 0 0 0 0 0 0 0 0 0 0 0 0 0 0 0 0 0 0 0 0 0 0 0 0 0 0 0 0 0 0 0 0 0 0 0 0 0 0 0 0 0 0 0 0 0 0 0 0 0 0 0 0 0
1 63 74 82 68 79 65 13 68 120 119 114 113 114 112 114 120 118 35 85 120 118 119 35 82 122 113 104 117 118 107 108 115 35 79 104 100 117 113 108 113 106 35 68 120 119 114 113 114 112 114 120 118 35 69 100 119 102 107 35 59 13 63 50 74 82 68 79 65 13 63 87 68 86 78 65 13 85 120 118 119 35 115 117 114 106 117 100 112 35 119 107 100 119 35 120 118 104 118 35 69 114 123 63 87 65 35 119 114 35 118 119 114 117 104 35 100 35 121 104 102 119 114 117 35 114 105 2
1 35 108 113 119 104 106 104 117 118 47 35 100 118 118 104 117 119 118 35 119 107 100 119 35 119 107 104 35 121 104 102 119 114 117 35 111 104 113 106 119 107 35 108 118 35 102 114 117 117 104 102 119 35 100 105 119 104 117 35 115 120 118 107 108 113 106 35 104 111 104 112 104 113 119 118 47 35 119 107 104 113 35 100 118 118 104 117 119 118 35 119 107 100 119 35 112 114 121 108 113 106 35 119 107 104 35 69 114 123 35 108 113 119 114 35 100 35 105 120 113 102 119 108 114 113 35 2
1 103 114 104 118 35 113 114 119 35 111 104 100 110 35 112 104 112 114 117 124 49 13 63 50 87 68 86 78 65 13 63 79 68 81 74 88 68 74 72 65 13 117 120 118 119 13 63 50 79 68 81 74 88 68 74 72 65 13 63 86 82 88 85 70 72 65 13 105 113 35 112 100 108 113 43 44 35 126 13 35 35 35 35 50 50 35 70 117 104 100 119 104 35 100 35 69 114 123 35 102 114 113 119 100 108 113 108 113 106 35 100 35 121 104 102 119 114 117 35 114 105 35 108 113 119 104 2
1 106 104 117 118 13 35 35 35 35 111 104 119 35 112 120 119 35 101 114 123 104 103 98 121 104 102 61 35 69 114 123 63 89 104 102 63 108 54 53 65 65 35 64 35 69 114 123 61 61 113 104 122 43 89 104 102 61 61 113 104 122 43 44 44 62 13 13 35 35 35 35 50 50 35 83 120 118 107 35 104 111 104 112 104 113 119 118 35 108 113 119 114 35 119 107 104 35 121 104 102 119 114 117 13 35 35 35 35 101 114 123 104 103 98 121 104 102 49 115 120 118 107 43 52 44 62 2
1 13 35 35 35 35 101 114 123 104 103 98 121 104 102 49 115 120 118 107 43 53 44 62 13 35 35 35 35 101 114 123 104 103 98 121 104 102 49 115 120 118 107 43 54 44 62 13 13 35 35 35 35 50 50 35 68 118 118 104 117 119 35 119 107 100 119 35 119 107 104 35 121 104 102 119 114 117 35 111 104 113 106 119 107 35 108 118 35 102 114 117 117 104 102 119 35 100 105 119 104 117 35 115 120 118 107 108 113 106 35 104 111 104 112 104 113 119 118 13 35 35 35 35 100 118 118 2
1 104 117 119 98 104 116 36 43 101 114 123 104 103 98 121 104 102 49 111 104 113 43 44 47 35 54 47 35 37 89 104 102 119 114 117 35 111 104 113 106 119 107 35 118 107 114 120 111 103 35 101 104 35 54 35 100 105 119 104 117 35 115 120 118 107 108 113 106 35 54 35 104 111 104 112 104 113 119 118 37 44 62 13 13 35 35 35 35 50 50 35 80 114 121 104 35 119 107 104 35 69 114 123 35 108 113 119 114 35 100 35 105 120 113 102 119 108 114 113 35 119 114 35 119 104 118 2
1 119 35 112 104 112 114 117 124 35 112 100 113 100 106 104 112 104 113 119 13 35 35 35 35 111 104 119 35 117 104 118 120 111 119 35 64 35 115 117 114 102 104 118 118 98 101 114 123 43 101 114 123 104 103 98 121 104 102 44 62 13 13 35 35 35 35 50 50 35 68 118 118 104 117 119 35 119 107 100 119 35 119 107 104 35 105 120 113 102 119 108 114 113 35 117 104 119 120 117 113 104 103 35 119 107 104 35 104 123 115 104 102 119 104 103 35 111 104 113 106 119 107 35 43 115 117 2
1 114 121 108 113 106 35 113 114 35 111 104 100 110 44 13 35 35 35 35 100 118 118 104 117 119 98 104 116 36 43 117 104 118 120 111 119 47 35 54 47 35 37 80 104 112 114 117 124 35 118 107 114 120 111 103 35 113 114 119 35 111 104 100 110 62 35 111 104 113 106 119 107 35 118 107 114 120 111 103 35 117 104 112 100 108 113 35 54 37 44 62 13 13 35 35 35 35 115 117 108 113 119 111 113 36 43 37 118 120 102 102 104 118 118 37 44 62 13 128 13 13 105 113 35 115 117 2
1 114 102 104 118 118 98 101 114 123 43 112 120 119 35 101 114 123 104 103 98 121 104 102 61 35 69 114 123 63 89 104 102 63 108 54 53 65 65 44 35 48 65 35 120 118 108 125 104 35 126 13 35 35 35 35 50 50 35 68 102 102 104 118 118 35 119 107 104 35 111 104 113 106 119 107 35 108 113 118 108 103 104 35 119 107 104 35 105 120 113 102 119 108 114 113 13 35 35 35 35 111 104 119 35 111 104 113 35 64 35 101 114 123 104 103 98 121 104 102 49 111 104 113 43 44 62 2
1 13 35 35 35 35 50 50 35 85 104 119 120 117 113 35 119 107 104 35 111 104 113 106 119 107 35 119 114 35 115 117 114 121 104 35 119 107 104 35 69 114 123 35 122 100 118 35 112 114 121 104 103 35 102 114 117 117 104 102 119 111 124 35 100 113 103 35 112 104 112 114 117 124 35 108 118 35 112 100 113 100 106 104 103 13 35 35 35 35 111 104 113 13 128 13 63 50 86 82 88 85 70 72 65 13 63 72 91 83 72 70 87 72 71 65 13 118 120 102 102 104 118 118 13 63 50 2
1 72 91 83 72 70 87 72 71 65 13 63 68 70 87 88 68 79 65 13 118 120 102 102 104 118 118 13 63 50 68 70 87 88 68 79 65 2 0 0 0 0 0 0 0 0 0 0 0 0 0 0 0 0 0 0 0 0 0 0 0 0 0 0 0 0 0 0 0 0 0 0 0 0 0 0 0 0 0 0 0 0 0 0 0 0 0 0 0 0 0 0 0 0 0 0 0 0 0 0 0 0 0 0 0 0 0 0 0 0 0 0 0 0 0 0 0 0 0 0 0 0 0 0 0 0 0 0
1 63 74 82 68 79 65 13 68 120 119 114 113 114 112 114 120 118 35 85 120 118 119 35 82 122 113 104 117 118 107 108 115 35 79 104 100 117 113 108 113 106 35 68 120 119 114 113 114 112 114 120 118 35 69 100 119 102 107 35 54 13 63 50 74 82 68 79 65 13 63 87 68 86 78 65 13 90 117 108 119 104 35 100 35 85 120 118 119 35 115 117 114 106 117 100 112 35 119 107 100 119 35 102 117 104 100 119 104 118 35 100 113 35 85 102 63 85 104 105 70 104 111 111 63 108 54 2
1 53 65 65 47 35 102 111 114 113 104 118 35 119 107 104 35 85 102 35 107 100 113 103 111 104 35 119 122 108 102 104 47 35 112 120 119 100 119 104 118 35 119 107 104 35 108 113 113 104 117 35 121 100 111 120 104 35 119 107 117 114 120 106 107 35 101 114 119 107 35 107 100 113 103 111 104 118 47 35 100 113 103 35 100 118 118 104 117 119 118 35 119 107 100 119 35 101 114 119 107 35 102 111 114 113 104 118 35 114 101 118 104 117 121 104 35 119 107 104 35 118 100 112 104 35 120 2
1 115 103 100 119 104 103 35 121 100 111 120 104 49 13 63 50 87 68 86 78 65 13 63 79 68 81 74 88 68 74 72 65 13 117 120 118 119 13 63 50 79 68 81 74 88 68 74 72 65 13 63 86 82 88 85 70 72 65 13 120 118 104 35 118 119 103 61 61 117 102 61 61 85 102 62 13 120 118 104 35 118 119 103 61 61 102 104 111 111 61 61 85 104 105 70 104 111 111 62 13 13 105 113 35 112 100 108 113 43 44 35 126 13 35 35 35 35 111 104 119 35 118 107 100 117 104 2
1 103 35 64 35 85 102 61 61 113 104 122 43 85 104 105 70 104 111 111 61 61 113 104 122 43 55 53 44 44 62 13 35 35 35 35 111 104 119 35 102 111 114 113 104 52 35 64 35 85 102 61 61 102 111 114 113 104 43 41 118 107 100 117 104 103 44 62 13 35 35 35 35 111 104 119 35 102 111 114 113 104 53 35 64 35 85 102 61 61 102 111 114 113 104 43 41 118 107 100 117 104 103 44 62 13 35 35 35 35 13 35 35 35 35 126 13 35 35 35 35 35 35 35 35 111 104 2
1 119 35 112 120 119 35 106 120 100 117 103 52 35 64 35 102 111 114 113 104 52 49 101 114 117 117 114 122 98 112 120 119 43 44 62 13 35 35 35 35 35 35 35 35 45 106 120 100 117 103 52 35 64 35 52 51 51 62 13 35 35 35 35 128 13 35 35 35 35 13 35 35 35 35 126 13 35 35 35 35 35 35 35 35 111 104 119 35 112 120 119 35 106 120 100 117 103 53 35 64 35 102 111 114 113 104 53 49 101 114 117 117 114 122 98 112 120 119 43 44 62 13 35 35 35 35 2
1 35 35 35 35 45 106 120 100 117 103 53 35 64 35 53 51 51 62 13 35 35 35 35 128 13 35 35 35 35 13 35 35 35 35 111 104 119 35 105 108 113 100 111 98 121 100 111 120 104 35 64 35 45 118 107 100 117 104 103 49 101 114 117 117 114 122 43 44 62 13 35 35 35 35 100 118 118 104 117 119 98 104 116 36 43 105 108 113 100 111 98 121 100 111 120 104 47 35 53 51 51 44 62 13 35 35 35 35 115 117 108 113 119 111 113 36 43 37 118 120 102 102 104 118 118 37 2
1 44 62 13 128 13 63 50 86 82 88 85 70 72 65 13 63 72 91 83 72 70 87 72 71 65 13 118 120 102 102 104 118 118 13 63 50 72 91 83 72 70 87 72 71 65 13 63 68 70 87 88 68 79 65 13 118 120 102 102 104 118 118 13 63 50 68 70 87 88 68 79 65 2 0 0 0 0 0 0 0 0 0 0 0 0 0 0 0 0 0 0 0 0 0 0 0 0 0 0 0 0 0 0 0 0 0 0 0 0 0 0 0 0 0 0 0 0 0 0 0 0 0 0 0 0 0 0
1 63 74 82 68 79 65 13 68 120 119 114 113 114 112 114 120 118 35 85 120 118 119 35 69 114 117 117 114 122 108 113 106 35 79 108 105 104 119 108 112 104 118 35 74 104 113 104 117 108 102 118 35 70 111 114 113 104 35 79 104 100 117 113 108 113 106 35 68 120 119 114 113 114 112 114 120 118 35 69 100 119 102 107 35 54 13 63 50 74 82 68 79 65 13 63 87 68 86 78 65 13 70 114 113 118 119 117 120 102 119 35 100 35 85 120 118 119 35 115 117 114 106 117 100 112 35 2
1 108 113 35 100 35 118 108 113 106 111 104 35 105 108 111 104 35 119 107 100 119 35 103 104 105 108 113 104 118 35 100 35 118 119 117 120 102 119 35 122 108 119 107 35 100 35 112 120 119 100 101 111 104 35 105 108 104 111 103 47 35 101 114 117 117 114 122 118 35 119 107 104 35 105 108 104 111 103 35 108 112 112 120 119 100 101 111 124 47 35 119 107 104 113 35 112 120 119 100 101 111 124 47 35 100 113 103 35 100 118 118 104 117 119 118 35 119 107 100 119 35 119 107 104 35 112 2
1 120 119 100 101 111 104 35 101 114 117 117 114 122 35 103 114 104 118 35 113 114 119 35 114 121 104 117 111 100 115 35 122 108 119 107 35 119 107 104 35 108 112 112 120 119 100 101 111 104 35 101 114 117 117 114 122 47 35 115 117 108 113 119 108 113 106 35 37 83 68 86 86 37 35 108 105 35 119 107 104 35 101 114 117 117 114 122 118 35 100 117 104 35 102 114 117 117 104 102 119 111 124 35 112 100 113 100 106 104 103 49 13 63 50 87 68 86 78 65 13 63 79 68 81 74 88 2
1 68 74 72 65 13 117 120 118 119 13 63 50 79 68 81 74 88 68 74 72 65 13 63 86 82 88 85 70 72 65 13 118 119 117 120 102 119 35 71 100 119 100 35 126 13 35 35 35 35 121 100 111 120 104 61 35 108 54 53 47 13 128 13 13 105 113 35 112 100 108 113 43 44 35 126 13 35 35 35 35 111 104 119 35 112 120 119 35 103 100 119 100 35 64 35 71 100 119 100 35 126 35 121 100 111 120 104 61 35 52 51 35 128 62 13 13 35 35 35 35 50 50 35 76 112 112 2
1 120 119 100 101 111 104 35 101 114 117 117 114 122 13 35 35 35 35 111 104 119 35 117 104 105 98 108 112 112 35 64 35 41 103 100 119 100 49 121 100 111 120 104 62 13 35 35 35 35 100 118 118 104 117 119 98 104 116 36 43 45 117 104 105 98 108 112 112 47 35 52 51 44 62 13 13 35 35 35 35 50 50 35 80 120 119 100 101 111 104 35 101 114 117 117 114 122 35 43 112 120 118 119 35 107 100 115 115 104 113 35 100 105 119 104 117 35 108 112 112 120 119 100 101 111 104 2
1 35 101 114 117 117 114 122 35 104 113 103 118 44 13 35 35 35 35 126 13 35 35 35 35 35 35 35 35 111 104 119 35 117 104 105 98 112 120 119 35 64 35 41 112 120 119 35 103 100 119 100 49 121 100 111 120 104 62 13 35 35 35 35 35 35 35 35 45 117 104 105 98 112 120 119 35 64 35 53 51 62 13 35 35 35 35 128 35 50 50 35 80 120 119 100 101 111 104 35 101 114 117 117 114 122 35 104 113 103 118 35 107 104 117 104 13 13 35 35 35 35 50 50 35 85 104 2
1 48 101 114 117 117 114 122 35 108 112 112 120 119 100 101 111 124 35 100 105 119 104 117 35 112 120 119 100 101 111 104 35 101 114 117 117 114 122 35 104 113 103 118 13 35 35 35 35 111 104 119 35 117 104 105 98 108 112 112 53 35 64 35 41 103 100 119 100 49 121 100 111 120 104 62 13 35 35 35 35 100 118 118 104 117 119 98 104 116 36 43 45 117 104 105 98 108 112 112 53 47 35 53 51 44 62 13 13 35 35 35 35 50 50 35 68 119 119 104 112 115 119 108 113 106 35 2
1 119 114 35 120 118 104 35 119 107 104 35 114 117 108 106 108 113 100 111 35 108 112 112 120 119 100 101 111 104 35 101 114 117 117 114 122 35 117 104 105 98 108 112 112 35 107 104 117 104 35 122 114 120 111 103 35 102 100 120 118 104 35 100 35 102 114 112 115 108 111 104 35 104 117 117 114 117 47 13 35 35 35 35 50 50 35 101 120 119 35 118 108 113 102 104 35 122 104 35 100 117 104 35 108 113 35 100 35 113 104 122 35 118 102 114 115 104 35 100 113 103 35 117 104 105 98 2
1 108 112 112 35 108 118 35 113 114 35 111 114 113 106 104 117 35 121 100 111 108 103 47 35 122 104 35 102 100 113 35 118 100 105 104 111 124 35 115 117 114 102 104 104 103 49 13 35 35 35 35 50 50 35 87 107 104 35 114 117 108 106 108 113 100 111 35 117 104 105 98 108 112 112 35 108 118 35 103 117 114 115 115 104 103 35 100 119 35 119 107 104 35 104 113 103 35 114 105 35 108 119 118 35 118 102 114 115 104 49 13 13 35 35 35 35 115 117 108 113 119 111 113 36 43 37 2
1 83 68 86 86 37 44 62 13 128 13 63 50 86 82 88 85 70 72 65 13 63 72 91 83 72 70 87 72 71 65 13 83 68 86 86 13 63 50 72 91 83 72 70 87 72 71 65 13 63 68 70 87 88 68 79 65 13 83 68 86 86 13 63 50 68 70 87 88 68 79 65 2 0 0 0 0 0 0 0 0 0 0 0 0 0 0 0 0 0 0 0 0 0 0 0 0 0 0 0 0 0 0 0 0 0 0 0 0 0 0 0 0 0 0 0 0 0 0 0 0 0 0 0 0 0 0 0
1 63 74 82 68 79 65 13 68 120 119 114 113 114 112 114 120 118 35 85 120 118 119 35 82 122 113 104 117 118 107 108 115 35 70 114 117 115 120 118 35 68 120 119 114 113 114 112 114 120 118 35 69 100 119 102 107 35 52 13 63 50 74 82 68 79 65 13 63 87 68 86 78 65 13 70 117 104 100 119 104 35 100 35 85 120 118 119 35 115 117 114 106 117 100 112 35 119 107 100 119 35 103 104 102 111 100 117 104 118 35 119 122 114 35 117 104 105 104 117 104 113 102 104 118 35 119 2
1 114 35 119 107 104 35 118 100 112 104 35 108 112 112 120 119 100 101 111 104 35 103 100 119 100 47 35 100 119 119 104 112 115 119 118 35 119 114 35 102 117 104 100 119 104 35 100 35 112 120 119 100 101 111 104 35 117 104 105 104 117 104 113 102 104 35 119 114 35 114 113 104 35 114 105 35 119 107 104 112 47 35 100 113 103 35 100 118 118 104 117 119 118 35 119 107 100 119 35 119 107 104 35 115 117 114 106 117 100 112 35 102 114 112 115 108 111 104 118 35 100 113 103 35 117 120 2
1 113 118 35 118 120 102 102 104 118 118 105 120 111 111 124 35 101 124 35 115 117 108 113 119 108 113 106 35 100 35 118 120 102 102 104 118 118 35 112 104 118 118 100 106 104 49 13 63 50 87 68 86 78 65 13 63 79 68 81 74 88 68 74 72 65 13 117 120 118 119 13 63 50 79 68 81 74 88 68 74 72 65 13 63 86 82 88 85 70 72 65 13 105 113 35 112 100 108 113 43 44 35 126 13 35 35 35 35 111 104 119 35 103 100 119 100 35 64 35 55 53 62 13 35 35 35 2
1 35 111 104 119 35 117 52 61 35 41 108 54 53 35 64 35 41 103 100 119 100 62 13 35 35 35 35 111 104 119 35 117 53 61 35 41 108 54 53 35 64 35 41 103 100 119 100 62 13 35 35 35 35 50 50 35 87 107 108 118 35 102 114 103 104 35 102 114 112 115 108 111 104 118 35 100 113 103 35 117 120 113 118 35 118 120 102 102 104 118 118 105 120 111 111 124 35 101 104 102 100 120 118 104 35 122 104 35 114 113 111 124 35 107 100 121 104 35 108 112 112 120 119 100 101 111 2
1 104 35 101 114 117 117 114 122 118 49 13 35 35 35 35 50 50 35 68 119 119 104 112 115 119 108 113 106 35 119 114 35 102 117 104 100 119 104 35 100 35 112 120 119 100 101 111 104 35 101 114 117 117 114 122 35 107 104 117 104 35 122 114 120 111 103 35 105 100 108 111 35 103 120 104 35 119 114 35 85 120 118 119 42 118 35 101 114 117 117 114 122 108 113 106 35 117 120 111 104 118 49 13 35 35 35 35 100 118 118 104 117 119 98 104 116 36 43 45 117 52 47 35 55 53 44 2
1 62 13 35 35 35 35 100 118 118 104 117 119 98 104 116 36 43 45 117 53 47 35 55 53 44 62 13 35 35 35 35 115 117 108 113 119 111 113 36 43 37 118 120 102 102 104 118 118 37 44 62 13 128 13 63 50 86 82 88 85 70 72 65 13 63 72 91 83 72 70 87 72 71 65 13 118 120 102 102 104 118 118 13 63 50 72 91 83 72 70 87 72 71 65 13 63 68 70 87 88 68 79 65 13 118 120 102 102 104 118 118 13 63 50 68 70 87 88 68 79 65 2 0 0 0 0 0
1 63 74 82 68 79 65 13 68 120 119 114 113 114 112 114 120 118 35 85 120 118 119 35 82 122 113 104 117 118 107 108 115 35 70 114 117 115 120 118 35 68 120 119 114 113 114 112 114 120 118 35 69 100 119 102 107 35 52 13 63 50 74 82 68 79 65 13 63 87 68 86 78 65 13 70 117 104 100 119 104 35 100 35 85 120 118 119 35 115 117 114 106 117 100 112 35 119 107 100 119 35 103 104 105 108 113 104 118 35 100 35 118 119 117 120 102 119 35 122 108 119 107 35 100 35 118 2
1 108 113 106 111 104 35 114 122 113 104 103 35 86 119 117 108 113 106 35 105 108 104 111 103 47 35 112 114 121 104 118 35 119 107 104 35 105 108 104 111 103 35 108 113 119 114 35 100 35 105 120 113 102 119 108 114 113 47 35 100 113 103 35 100 118 118 104 117 119 118 35 119 107 100 119 35 119 107 104 35 114 117 108 106 108 113 100 111 35 118 119 117 120 102 119 35 108 118 35 113 114 122 35 108 113 35 100 35 103 117 114 115 115 104 103 35 118 119 100 119 104 35 101 124 35 102 2
1 107 104 102 110 108 113 106 35 119 107 104 35 105 108 104 111 103 35 111 104 113 106 119 107 35 108 118 35 125 104 117 114 35 100 105 119 104 117 35 119 107 104 35 112 114 121 104 49 13 63 50 87 68 86 78 65 13 63 79 68 81 74 88 68 74 72 65 13 117 120 118 119 13 63 50 79 68 81 74 88 68 74 72 65 13 63 86 82 88 85 70 72 65 13 118 119 117 120 102 119 35 70 114 113 119 100 108 113 104 117 35 126 13 35 35 35 35 103 100 119 100 61 35 86 119 117 2
1 108 113 106 47 13 128 13 13 105 113 35 119 100 110 104 98 103 100 119 100 43 102 114 113 119 100 108 113 104 117 61 35 70 114 113 119 100 108 113 104 117 44 35 48 65 35 86 119 117 108 113 106 35 126 13 35 35 35 35 102 114 113 119 100 108 113 104 117 49 103 100 119 100 13 128 13 13 105 113 35 112 100 108 113 43 44 35 126 13 35 35 35 35 111 104 119 35 112 120 119 35 102 114 113 119 100 108 113 104 117 35 64 35 70 114 113 119 100 108 113 104 117 35 126 35 103 2
1 100 119 100 61 35 37 75 104 111 111 114 37 49 119 114 98 118 119 117 108 113 106 43 44 35 128 62 13 35 35 35 35 111 104 119 35 114 117 108 106 108 113 100 111 98 111 104 113 35 64 35 102 114 113 119 100 108 113 104 117 49 103 100 119 100 49 111 104 113 43 44 62 13 35 35 35 35 13 35 35 35 35 111 104 119 35 112 114 121 104 103 98 103 100 119 100 35 64 35 119 100 110 104 98 103 100 119 100 43 102 114 113 119 100 108 113 104 117 44 62 13 35 35 35 35 13 2
1 35 35 35 35 100 118 118 104 117 119 98 104 116 36 43 114 117 108 106 108 113 100 111 98 111 104 113 47 35 56 44 62 13 35 35 35 35 100 118 118 104 117 119 98 104 116 36 43 112 114 121 104 103 98 103 100 119 100 47 35 37 75 104 111 111 114 37 44 62 13 35 35 35 35 13 35 35 35 35 115 117 108 113 119 111 113 36 43 37 82 122 113 104 117 118 107 108 115 35 121 104 117 108 105 108 104 103 37 44 62 13 128 13 63 50 86 82 88 85 70 72 65 13 63 72 91 2
1 83 72 70 87 72 71 65 13 82 122 113 104 117 118 107 108 115 35 121 104 117 108 105 108 104 103 13 63 50 72 91 83 72 70 87 72 71 65 13 63 68 70 87 88 68 79 65 13 82 122 113 104 117 118 107 108 115 35 121 104 117 108 105 108 104 103 13 63 50 68 70 87 88 68 79 65 2 0 0 0 0 0 0 0 0 0 0 0 0 0 0 0 0 0 0 0 0 0 0 0 0 0 0 0 0 0 0 0 0 0 0 0 0 0 0 0 0 0 0 0 0 0 0 0 0 0 0
1 63 74 82 68 79 65 13 104 123 104 102 120 119 114 117 48 118 104 111 105 119 104 118 119 13 63 50 74 82 68 79 65 13 63 87 68 86 78 65 13 85 120 113 35 100 35 103 104 119 104 117 112 108 113 108 118 119 108 102 35 83 124 119 107 114 113 35 111 104 100 117 113 108 113 106 35 104 123 104 117 102 108 118 104 49 13 63 50 87 68 86 78 65 13 63 79 68 81 74 88 68 74 72 65 13 115 124 119 107 114 113 13 63 50 79 68 81 74 88 68 74 72 65 13 63 86 2
1 82 88 85 70 72 65 13 121 100 111 120 104 35 64 35 53 52 35 45 35 53 13 100 118 118 104 117 119 35 121 100 111 120 104 35 64 64 35 55 53 13 115 117 108 113 119 43 37 79 72 68 85 81 76 81 74 98 72 91 72 70 88 87 82 85 98 82 78 37 44 13 63 50 86 82 88 85 70 72 65 13 63 72 91 83 72 70 87 72 71 65 13 79 72 68 85 81 76 81 74 98 72 91 72 70 88 87 82 85 98 82 78 13 63 50 72 91 83 72 70 87 72 71 65 13 63 2
1 68 70 87 88 68 79 65 13 79 72 68 85 81 76 81 74 98 72 91 72 70 88 87 82 85 98 82 78 13 63 50 68 70 87 88 68 79 65 2 0 0 0 0 0 0 0 0 0 0 0 0 0 0 0 0 0 0 0 0 0 0 0 0 0 0 0 0 0 0 0 0 0 0 0 0 0 0 0 0 0 0 0 0 0 0 0 0 0 0 0 0 0 0 0 0 0 0 0 0 0 0 0 0 0 0 0 0 0 0 0 0 0 0 0 0 0 0 0 0 0 0 0 0 0 0 0 0
1 63 74 82 68 79 65 13 104 123 104 102 120 119 114 117 48 117 120 118 119 48 118 104 111 105 119 104 118 119 13 63 50 74 82 68 79 65 13 63 87 68 86 78 65 13 85 120 113 35 100 35 103 104 119 104 117 112 108 113 108 118 119 108 102 35 85 120 118 119 35 111 104 100 117 113 108 113 106 35 104 123 104 117 102 108 118 104 49 13 63 50 87 68 86 78 65 13 63 79 68 81 74 88 68 74 72 65 13 117 120 118 119 13 63 50 79 68 81 74 88 68 74 72 65 13 63 2
1 86 82 88 85 70 72 65 13 105 113 35 112 100 108 113 43 44 35 126 13 35 35 35 35 111 104 119 35 112 120 119 35 121 100 111 120 104 35 64 35 53 51 62 13 35 35 35 35 111 104 119 35 117 104 105 104 117 104 113 102 104 35 64 35 41 112 120 119 35 121 100 111 120 104 62 13 35 35 35 35 45 117 104 105 104 117 104 113 102 104 35 46 64 35 53 53 62 13 35 35 35 35 100 118 118 104 117 119 98 104 116 36 43 121 100 111 120 104 47 35 55 53 44 62 13 35 2
1 35 35 35 115 117 108 113 119 111 113 36 43 37 85 88 86 87 98 72 91 72 70 88 87 82 85 98 82 78 37 44 62 13 128 13 63 50 86 82 88 85 70 72 65 13 63 72 91 83 72 70 87 72 71 65 13 85 88 86 87 98 72 91 72 70 88 87 82 85 98 82 78 13 63 50 72 91 83 72 70 87 72 71 65 13 63 68 70 87 88 68 79 65 13 85 88 86 87 98 72 91 72 70 88 87 82 85 98 82 78 13 63 50 68 70 87 88 68 79 65 2 0 0 0 0 0 0
1 63 74 82 68 79 65 13 68 120 119 114 113 114 112 114 120 118 35 85 120 118 119 35 82 122 113 104 117 118 107 108 115 35 79 104 100 117 113 108 113 106 35 68 120 119 114 113 114 112 114 120 118 35 69 100 119 102 107 35 59 13 63 50 74 82 68 79 65 13 63 87 68 86 78 65 13 85 120 118 119 35 115 117 114 106 117 100 112 35 119 107 100 119 35 103 104 105 108 113 104 118 35 100 35 118 119 117 120 102 119 35 122 108 119 107 35 119 122 114 35 101 114 117 117 114 122 2
1 104 103 35 117 104 105 104 117 104 113 102 104 118 35 119 114 35 100 35 118 108 113 106 111 104 35 86 119 117 108 113 106 47 35 100 118 118 104 117 119 118 35 119 107 100 119 35 102 111 114 113 108 113 106 35 119 107 104 35 118 119 117 120 102 119 35 102 114 115 108 104 118 35 119 107 104 35 103 100 119 100 35 115 114 108 113 119 104 117 47 35 119 107 104 113 35 100 118 118 104 117 119 118 35 119 107 100 119 35 112 114 121 108 113 106 35 119 107 104 35 118 119 117 120 102 119 2
1 35 108 113 119 114 35 100 35 105 120 113 102 119 108 114 113 35 111 104 100 121 104 118 35 119 107 104 35 114 117 108 106 108 113 100 111 35 103 100 119 100 35 108 113 119 100 102 119 49 13 63 50 87 68 86 78 65 13 63 79 68 81 74 88 68 74 72 65 13 117 120 118 119 13 63 50 79 68 81 74 88 68 74 72 65 13 63 86 82 88 85 70 72 65 13 118 119 117 120 102 119 35 69 114 117 117 114 122 104 103 71 100 119 100 63 42 100 65 35 126 13 35 35 35 35 113 2
1 100 112 104 61 35 41 42 100 35 118 119 117 47 13 35 35 35 35 103 104 118 102 117 108 115 119 108 114 113 61 35 41 42 100 35 118 119 117 47 13 128 13 13 108 112 115 111 63 42 100 65 35 70 111 114 113 104 35 105 114 117 35 69 114 117 117 114 122 104 103 71 100 119 100 63 42 100 65 35 126 13 35 35 35 35 105 113 35 102 111 114 113 104 43 41 118 104 111 105 44 35 48 65 35 86 104 111 105 35 126 13 35 35 35 35 35 35 35 35 69 114 117 117 114 122 104 2
1 103 71 100 119 100 35 126 13 35 35 35 35 35 35 35 35 35 35 35 35 113 100 112 104 61 35 118 104 111 105 49 113 100 112 104 47 13 35 35 35 35 35 35 35 35 35 35 35 35 103 104 118 102 117 108 115 119 108 114 113 61 35 118 104 111 105 49 103 104 118 102 117 108 115 119 108 114 113 47 13 35 35 35 35 35 35 35 35 128 13 35 35 35 35 128 13 128 13 13 105 113 35 112 100 108 113 43 44 35 126 13 35 35 35 35 111 104 119 35 103 100 119 100 35 64 35 2
1 69 114 117 117 114 122 104 103 71 100 119 100 35 126 13 35 35 35 35 35 35 35 35 113 100 112 104 61 35 37 68 111 108 102 104 37 47 13 35 35 35 35 35 35 35 35 103 104 118 102 117 108 115 119 108 114 113 61 35 37 68 35 103 104 121 104 111 114 115 104 117 37 47 13 35 35 35 35 128 62 13 13 35 35 35 35 111 104 119 35 102 111 114 113 104 103 35 64 35 103 100 119 100 49 102 111 114 113 104 43 44 62 13 35 35 35 35 100 118 118 104 117 119 98 104 116 2
1 36 43 102 111 114 113 104 103 49 113 100 112 104 47 35 37 68 111 108 102 104 37 44 62 13 35 35 35 35 100 118 118 104 117 119 98 104 116 36 43 102 111 114 113 104 103 49 103 104 118 102 117 108 115 119 108 114 113 47 35 37 68 35 103 104 121 104 111 114 115 104 117 37 44 62 13 13 35 35 35 35 111 104 119 35 114 117 108 106 108 113 100 111 35 64 35 69 114 117 117 114 122 104 103 71 100 119 100 35 126 13 35 35 35 35 35 35 35 35 113 100 112 104 61 35 37 2
1 69 114 101 37 47 13 35 35 35 35 35 35 35 35 103 104 118 102 117 108 115 119 108 114 113 61 35 37 68 35 112 100 113 100 106 104 117 37 47 13 35 35 35 35 128 62 13 13 35 35 35 35 111 104 119 35 112 114 121 104 103 35 64 35 114 117 108 106 108 113 100 111 62 13 35 35 35 35 100 118 118 104 117 119 98 104 116 36 43 112 114 121 104 103 49 113 100 112 104 47 35 37 69 114 101 37 44 62 13 35 35 35 35 100 118 118 104 117 119 98 104 116 36 43 112 114 2
1 121 104 103 49 103 104 118 102 117 108 115 119 108 114 113 47 35 37 68 35 112 100 113 100 106 104 117 37 44 62 13 13 35 35 35 35 115 117 108 113 119 111 113 36 43 37 118 120 102 102 104 118 118 37 44 62 13 128 13 63 50 86 82 88 85 70 72 65 13 63 72 91 83 72 70 87 72 71 65 13 118 120 102 102 104 118 118 13 63 50 72 91 83 72 70 87 72 71 65 13 63 68 70 87 88 68 79 65 13 118 120 102 102 104 118 118 13 63 50 68 70 87 88 68 79 65 2
1 63 74 82 68 79 65 13 68 120 119 114 113 114 112 114 120 118 35 85 120 118 119 35 82 122 113 104 117 118 107 108 115 35 70 114 117 115 120 118 35 68 120 119 114 113 114 112 114 120 118 35 69 100 119 102 107 35 52 13 63 50 74 82 68 79 65 13 63 87 68 86 78 65 13 70 117 104 100 119 104 35 100 35 85 120 118 119 35 115 117 114 106 117 100 112 35 119 107 100 119 35 118 119 114 117 104 118 35 100 35 121 100 111 120 104 35 108 113 35 100 113 35 68 117 102 63 2
1 80 120 119 104 123 63 87 65 65 47 35 118 115 100 122 113 118 35 100 35 119 107 117 104 100 103 35 119 107 100 119 35 111 114 102 110 118 35 119 107 104 35 112 120 119 104 123 35 119 114 35 112 114 103 108 105 124 35 119 107 104 35 121 100 111 120 104 47 35 100 113 103 35 100 118 118 104 117 119 118 35 119 107 100 119 35 119 107 104 35 112 100 108 113 35 119 107 117 104 100 103 35 102 100 113 35 117 104 100 103 35 119 107 104 35 112 114 103 108 105 108 104 103 35 121 100 2
1 111 120 104 35 100 105 119 104 117 35 109 114 108 113 108 113 106 35 119 107 104 35 119 107 117 104 100 103 49 13 63 50 87 68 86 78 65 13 63 79 68 81 74 88 68 74 72 65 13 117 120 118 119 13 63 50 79 68 81 74 88 68 74 72 65 13 63 86 82 88 85 70 72 65 13 120 118 104 35 118 119 103 61 61 118 124 113 102 61 61 126 68 117 102 47 35 80 120 119 104 123 128 62 13 120 118 104 35 118 119 103 61 61 119 107 117 104 100 103 62 13 13 105 113 35 112 2
1 100 108 113 43 44 35 126 13 35 35 35 35 111 104 119 35 102 114 120 113 119 104 117 35 64 35 68 117 102 61 61 113 104 122 43 80 120 119 104 123 61 61 113 104 122 43 51 44 44 62 13 35 35 35 35 111 104 119 35 102 114 120 113 119 104 117 98 102 111 114 113 104 35 64 35 68 117 102 61 61 102 111 114 113 104 43 41 102 114 120 113 119 104 117 44 62 13 13 35 35 35 35 111 104 119 35 107 100 113 103 111 104 35 64 35 119 107 117 104 100 103 61 61 118 115 100 2
1 122 113 43 112 114 121 104 35 127 127 35 126 13 35 35 35 35 35 35 35 35 111 104 119 35 112 120 119 35 113 120 112 35 64 35 102 114 120 113 119 104 117 98 102 111 114 113 104 49 111 114 102 110 43 44 49 120 113 122 117 100 115 43 44 62 13 35 35 35 35 35 35 35 35 45 113 120 112 35 64 35 55 53 62 13 35 35 35 35 128 44 62 13 13 35 35 35 35 107 100 113 103 111 104 49 109 114 108 113 43 44 49 120 113 122 117 100 115 43 44 62 13 13 35 35 35 2
1 35 111 104 119 35 105 108 113 100 111 98 121 100 111 120 104 35 64 35 102 114 120 113 119 104 117 49 111 114 102 110 43 44 49 120 113 122 117 100 115 43 44 62 13 35 35 35 35 100 118 118 104 117 119 98 104 116 36 43 45 105 108 113 100 111 98 121 100 111 120 104 47 35 55 53 44 62 13 13 35 35 35 35 115 117 108 113 119 111 113 36 43 37 118 120 102 102 104 118 118 37 44 62 13 128 13 63 50 86 82 88 85 70 72 65 13 63 72 91 83 72 70 87 72 71 65 2
1 13 118 120 102 102 104 118 118 13 63 50 72 91 83 72 70 87 72 71 65 13 63 68 70 87 88 68 79 65 13 118 120 102 102 104 118 118 13 63 50 68 70 87 88 68 79 65 2 0 0 0 0 0 0 0 0 0 0 0 0 0 0 0 0 0 0 0 0 0 0 0 0 0 0 0 0 0 0 0 0 0 0 0 0 0 0 0 0 0 0 0 0 0 0 0 0 0 0 0 0 0 0 0 0 0 0 0 0 0 0 0 0 0 0 0 0 0 0 0 0 0 0 0 0 0 0 0
1 63 74 82 68 79 65 13 68 120 119 114 113 114 112 114 120 118 35 85 120 118 119 35 82 122 113 104 117 118 107 108 115 35 79 104 100 117 113 108 113 106 35 68 120 119 114 113 114 112 114 120 118 35 69 100 119 102 107 35 53 13 63 50 74 82 68 79 65 13 63 87 68 86 78 65 13 90 117 108 119 104 35 100 35 85 120 118 119 35 115 117 114 106 117 100 112 35 119 107 100 119 35 103 104 105 108 113 104 118 35 100 35 118 119 117 120 102 119 35 122 108 119 107 35 119 122 2
1 114 35 105 108 104 111 103 118 47 35 101 114 117 117 114 122 118 35 114 113 104 35 105 108 104 111 103 35 108 112 112 120 119 100 101 111 124 35 119 114 35 117 104 100 103 35 108 119 47 35 101 114 117 117 114 122 118 35 119 107 104 35 118 100 112 104 35 105 108 104 111 103 35 112 120 119 100 101 111 124 35 119 114 35 112 114 103 108 105 124 35 108 119 47 35 100 113 103 35 100 118 118 104 117 119 118 35 119 107 104 35 105 108 113 100 111 35 121 100 111 120 104 35 104 116 120 2
1 100 111 118 35 119 107 104 35 108 113 108 119 108 100 111 35 121 100 111 120 104 35 115 111 120 118 35 114 113 104 49 13 63 50 87 68 86 78 65 13 63 79 68 81 74 88 68 74 72 65 13 117 120 118 119 13 63 50 79 68 81 74 88 68 74 72 65 13 63 86 82 88 85 70 72 65 13 118 119 117 120 102 119 35 71 100 119 100 35 126 13 35 35 35 35 121 100 111 120 104 61 35 108 54 53 47 13 35 35 35 35 111 100 101 104 111 61 35 86 119 117 108 113 106 47 13 2
1 128 13 13 105 113 35 112 100 108 113 43 44 35 126 13 35 35 35 35 111 104 119 35 112 120 119 35 103 100 119 100 35 64 35 71 100 119 100 35 126 13 35 35 35 35 35 35 35 35 121 100 111 120 104 61 35 52 51 47 13 35 35 35 35 35 35 35 35 111 100 101 104 111 61 35 37 119 104 118 119 37 49 119 114 98 118 119 117 108 113 106 43 44 47 13 35 35 35 35 128 62 13 13 35 35 35 35 50 50 35 76 112 112 120 119 100 101 111 104 35 101 114 117 117 114 122 2
1 35 119 114 35 117 104 100 103 35 119 107 104 35 121 100 111 120 104 13 35 35 35 35 111 104 119 35 121 35 64 35 41 103 100 119 100 49 121 100 111 120 104 62 13 35 35 35 35 111 104 119 35 111 35 64 35 41 103 100 119 100 49 111 100 101 104 111 62 13 13 35 35 35 35 50 50 35 80 120 119 100 101 111 104 35 101 114 117 117 114 122 35 119 114 35 112 114 103 108 105 124 35 119 107 104 35 121 100 111 120 104 13 35 35 35 35 111 104 119 35 112 120 119 35 103 121 2
1 35 64 35 41 112 120 119 35 103 100 119 100 49 121 100 111 120 104 62 13 35 35 35 35 45 103 121 35 46 64 35 52 62 13 13 35 35 35 35 50 50 35 68 118 118 104 117 119 35 119 107 104 35 105 108 113 100 111 35 121 100 111 120 104 35 104 116 120 100 111 118 35 119 107 104 35 108 113 108 119 108 100 111 35 121 100 111 120 104 35 115 111 120 118 35 114 113 104 13 35 35 35 35 100 118 118 104 117 119 98 104 116 36 43 103 100 119 100 49 121 100 111 120 104 47 35 2
1 52 52 44 62 13 13 35 35 35 35 115 117 108 113 119 111 113 36 43 37 82 122 113 104 117 118 107 108 115 35 119 104 118 119 35 115 100 118 118 104 103 37 44 62 13 128 13 63 50 86 82 88 85 70 72 65 13 63 72 91 83 72 70 87 72 71 65 13 82 122 113 104 117 118 107 108 115 35 119 104 118 119 35 115 100 118 118 104 103 13 63 50 72 91 83 72 70 87 72 71 65 13 63 68 70 87 88 68 79 65 13 82 122 113 104 117 118 107 108 115 35 119 104 118 119 35 2
1 115 100 118 118 104 103 13 63 50 68 70 87 88 68 79 65 2 0 0 0 0 0 0 0 0 0 0 0 0 0 0 0 0 0 0 0 0 0 0 0 0 0 0 0 0 0 0 0 0 0 0 0 0 0 0 0 0 0 0 0 0 0 0 0 0 0 0 0 0 0 0 0 0 0 0 0 0 0 0 0 0 0 0 0 0 0 0 0 0 0 0 0 0 0 0 0 0 0 0 0 0 0 0 0 0 0 0 0 0 0 0 0 0 0 0 0 0 0 0 0 0 0 0 0 0 0 0
1 63 74 82 68 79 65 13 68 120 119 114 113 114 112 114 120 118 35 85 120 118 119 35 82 122 113 104 117 118 107 108 115 35 79 104 100 117 113 108 113 106 35 68 120 119 114 113 114 112 114 120 118 35 69 100 119 102 107 35 56 13 63 50 74 82 68 79 65 13 63 87 68 86 78 65 13 76 112 115 111 104 112 104 113 119 35 100 35 85 120 118 119 35 115 117 114 106 117 100 112 35 119 107 100 119 35 106 104 113 104 117 100 119 104 118 35 52 51 35 118 124 113 119 107 104 119 2
1 108 102 35 114 122 113 104 117 118 107 108 115 35 118 102 104 113 100 117 108 114 118 35 108 113 121 114 111 121 108 113 106 35 118 119 100 102 110 35 100 113 103 35 107 104 100 115 35 111 108 105 104 119 108 112 104 118 47 35 119 107 104 113 35 100 118 118 104 117 119 118 35 119 107 100 119 35 100 35 102 120 118 119 114 112 35 99 71 117 114 115 99 35 106 120 100 117 103 35 102 114 117 117 104 102 119 111 124 35 102 111 104 100 113 118 35 120 115 35 100 35 99 69 114 123 99 2
1 35 117 104 105 104 117 104 113 102 104 35 122 107 104 113 35 119 107 104 35 114 122 113 108 113 106 35 118 119 117 120 102 119 35 106 114 104 118 35 114 120 119 35 114 105 35 118 102 114 115 104 49 13 63 50 87 68 86 78 65 13 63 79 68 81 74 88 68 74 72 65 13 117 120 118 119 13 63 50 79 68 81 74 88 68 74 72 65 13 63 86 82 88 85 70 72 65 13 118 119 117 120 102 119 35 74 120 100 117 103 104 103 69 114 123 35 126 13 35 35 35 35 121 100 111 120 2
1 104 61 35 108 54 53 47 13 128 13 13 108 112 115 111 35 71 117 114 115 35 105 114 117 35 74 120 100 117 103 104 103 69 114 123 35 126 13 35 35 35 35 105 113 35 103 117 114 115 43 41 112 120 119 35 118 104 111 105 44 35 126 13 35 35 35 35 35 35 35 35 115 117 108 113 119 111 113 36 43 37 74 120 100 117 103 104 103 69 114 123 35 103 117 114 115 115 104 103 35 122 108 119 107 35 121 100 111 120 104 61 35 126 128 37 47 35 118 104 111 105 49 121 100 111 120 2
1 104 44 62 13 35 35 35 35 128 13 128 13 13 105 113 35 112 100 108 113 43 44 35 126 13 35 35 35 35 111 104 119 35 112 120 119 35 106 120 100 117 103 104 103 35 64 35 74 120 100 117 103 104 103 69 114 123 35 126 35 121 100 111 120 104 61 35 55 53 35 128 62 13 35 35 35 35 111 104 119 35 114 122 113 104 103 98 101 114 123 61 35 69 114 123 63 74 120 100 117 103 104 103 69 114 123 65 35 64 35 69 114 123 61 61 113 104 122 43 74 120 100 117 103 104 103 2
1 69 114 123 35 126 35 121 100 111 120 104 61 35 52 51 51 35 128 44 62 13 35 35 35 35 111 104 119 35 114 122 113 104 103 98 101 114 123 53 61 35 69 114 123 63 74 120 100 117 103 104 103 69 114 123 65 35 64 35 69 114 123 61 61 113 104 122 43 74 120 100 117 103 104 103 69 114 123 35 126 35 121 100 111 120 104 61 35 53 51 51 35 128 44 62 13 35 35 35 35 111 104 119 35 114 122 113 104 103 98 101 114 123 54 61 35 69 114 123 63 74 120 100 117 103 104 2
1 103 69 114 123 65 35 64 35 69 114 123 61 61 113 104 122 43 74 120 100 117 103 104 103 69 114 123 35 126 35 121 100 111 120 104 61 35 54 51 51 35 128 44 62 13 35 35 35 35 111 104 119 35 114 122 113 104 103 98 101 114 123 55 61 35 69 114 123 63 74 120 100 117 103 104 103 69 114 123 65 35 64 35 69 114 123 61 61 113 104 122 43 74 120 100 117 103 104 103 69 114 123 35 126 35 121 100 111 120 104 61 35 55 51 51 35 128 44 62 13 35 35 35 35 111 104 2
1 119 35 114 122 113 104 103 98 101 114 123 56 61 35 69 114 123 63 74 120 100 117 103 104 103 69 114 123 65 35 64 35 69 114 123 61 61 113 104 122 43 74 120 100 117 103 104 103 69 114 123 35 126 35 121 100 111 120 104 61 35 56 51 51 35 128 44 62 13 35 35 35 35 111 104 119 35 114 122 113 104 103 98 101 114 123 57 61 35 69 114 123 63 74 120 100 117 103 104 103 69 114 123 65 35 64 35 69 114 123 61 61 113 104 122 43 74 120 100 117 103 104 103 69 114 123 2
1 35 126 35 121 100 111 120 104 61 35 57 51 51 35 128 44 62 13 35 35 35 35 111 104 119 35 114 122 113 104 103 98 101 114 123 58 61 35 69 114 123 63 74 120 100 117 103 104 103 69 114 123 65 35 64 35 69 114 123 61 61 113 104 122 43 74 120 100 117 103 104 103 69 114 123 35 126 35 121 100 111 120 104 61 35 58 51 51 35 128 44 62 13 35 35 35 35 111 104 119 35 114 122 113 104 103 98 101 114 123 59 61 35 69 114 123 63 74 120 100 117 103 104 103 69 114 2
1 123 65 35 64 35 69 114 123 61 61 113 104 122 43 74 120 100 117 103 104 103 69 114 123 35 126 35 121 100 111 120 104 61 35 59 51 51 35 128 44 62 13 35 35 35 35 111 104 119 35 114 122 113 104 103 98 101 114 123 60 61 35 69 114 123 63 74 120 100 117 103 104 103 69 114 123 65 35 64 35 69 114 123 61 61 113 104 122 43 74 120 100 117 103 104 103 69 114 123 35 126 35 121 100 111 120 104 61 35 60 51 51 35 128 44 62 13 35 35 35 35 111 104 119 35 114 2
1 122 113 104 103 98 101 114 123 52 51 61 35 69 114 123 63 74 120 100 117 103 104 103 69 114 123 65 35 64 35 69 114 123 61 61 113 104 122 43 74 120 100 117 103 104 103 69 114 123 35 126 35 121 100 111 120 104 61 35 52 51 51 51 35 128 44 62 13 13 35 35 35 35 100 118 118 104 117 119 98 104 116 36 43 106 120 100 117 103 104 103 49 121 100 111 120 104 47 35 55 53 44 62 13 35 35 35 35 100 118 118 104 117 119 98 104 116 36 43 114 122 113 104 103 98 101 2
1 114 123 49 121 100 111 120 104 47 35 52 51 51 44 62 13 35 35 35 35 100 118 118 104 117 119 98 104 116 36 43 114 122 113 104 103 98 101 114 123 53 49 121 100 111 120 104 47 35 53 51 51 44 62 13 35 35 35 35 100 118 118 104 117 119 98 104 116 36 43 114 122 113 104 103 98 101 114 123 54 49 121 100 111 120 104 47 35 54 51 51 44 62 13 35 35 35 35 100 118 118 104 117 119 98 104 116 36 43 114 122 113 104 103 98 101 114 123 55 49 121 100 111 120 104 47 2
1 35 55 51 51 44 62 13 35 35 35 35 100 118 118 104 117 119 98 104 116 36 43 114 122 113 104 103 98 101 114 123 56 49 121 100 111 120 104 47 35 56 51 51 44 62 13 35 35 35 35 100 118 118 104 117 119 98 104 116 36 43 114 122 113 104 103 98 101 114 123 57 49 121 100 111 120 104 47 35 57 51 51 44 62 13 35 35 35 35 100 118 118 104 117 119 98 104 116 36 43 114 122 113 104 103 98 101 114 123 58 49 121 100 111 120 104 47 35 58 51 51 44 62 13 35 35 2
1 35 35 100 118 118 104 117 119 98 104 116 36 43 114 122 113 104 103 98 101 114 123 59 49 121 100 111 120 104 47 35 59 51 51 44 62 13 35 35 35 35 100 118 118 104 117 119 98 104 116 36 43 114 122 113 104 103 98 101 114 123 60 49 121 100 111 120 104 47 35 60 51 51 44 62 13 35 35 35 35 100 118 118 104 117 119 98 104 116 36 43 114 122 113 104 103 98 101 114 123 52 51 49 121 100 111 120 104 47 35 52 51 51 51 44 62 13 13 35 35 35 35 103 117 114 115 2
1 43 106 120 100 117 103 104 103 44 62 13 35 35 35 35 103 117 114 115 43 114 122 113 104 103 98 101 114 123 44 62 13 35 35 35 35 103 117 114 115 43 114 122 113 104 103 98 101 114 123 53 44 62 13 35 35 35 35 103 117 114 115 43 114 122 113 104 103 98 101 114 123 54 44 62 13 35 35 35 35 103 117 114 115 43 114 122 113 104 103 98 101 114 123 55 44 62 13 35 35 35 35 103 117 114 115 43 114 122 113 104 103 98 101 114 123 56 44 62 13 35 35 35 35 103 117 2
1 114 115 43 114 122 113 104 103 98 101 114 123 57 44 62 13 35 35 35 35 103 117 114 115 43 114 122 113 104 103 98 101 114 123 58 44 62 13 35 35 35 35 103 117 114 115 43 114 122 113 104 103 98 101 114 123 59 44 62 13 35 35 35 35 103 117 114 115 43 114 122 113 104 103 98 101 114 123 60 44 62 13 35 35 35 35 103 117 114 115 43 114 122 113 104 103 98 101 114 123 52 51 44 62 13 13 35 35 35 35 115 117 108 113 119 111 113 36 43 37 82 122 113 104 117 118 2
1 107 108 115 35 119 104 118 119 35 115 100 118 118 104 103 37 44 62 13 128 13 63 50 86 82 88 85 70 72 65 13 63 72 91 83 72 70 87 72 71 65 13 82 122 113 104 117 118 107 108 115 35 119 104 118 119 35 115 100 118 118 104 103 13 63 50 72 91 83 72 70 87 72 71 65 13 63 68 70 87 88 68 79 65 13 74 120 100 117 103 104 103 69 114 123 35 103 117 114 115 115 104 103 35 122 108 119 107 35 121 100 111 120 104 61 35 55 53 13 74 120 100 117 103 104 103 2
1 69 114 123 35 103 117 114 115 115 104 103 35 122 108 119 107 35 121 100 111 120 104 61 35 52 51 51 13 74 120 100 117 103 104 103 69 114 123 35 103 117 114 115 115 104 103 35 122 108 119 107 35 121 100 111 120 104 61 35 53 51 51 13 74 120 100 117 103 104 103 69 114 123 35 103 117 114 115 115 104 103 35 122 108 119 107 35 121 100 111 120 104 61 35 54 51 51 13 74 120 100 117 103 104 103 69 114 123 35 103 117 114 115 115 104 103 35 122 108 119 107 35 121 100 111 120 2
1 104 61 35 55 51 51 13 74 120 100 117 103 104 103 69 114 123 35 103 117 114 115 115 104 103 35 122 108 119 107 35 121 100 111 120 104 61 35 56 51 51 13 74 120 100 117 103 104 103 69 114 123 35 103 117 114 115 115 104 103 35 122 108 119 107 35 121 100 111 120 104 61 35 57 51 51 13 74 120 100 117 103 104 103 69 114 123 35 103 117 114 115 115 104 103 35 122 108 119 107 35 121 100 111 120 104 61 35 58 51 51 13 74 120 100 117 103 104 103 69 114 123 35 103 117 114 2
1 115 115 104 103 35 122 108 119 107 35 121 100 111 120 104 61 35 59 51 51 13 74 120 100 117 103 104 103 69 114 123 35 103 117 114 115 115 104 103 35 122 108 119 107 35 121 100 111 120 104 61 35 60 51 51 13 74 120 100 117 103 104 103 69 114 123 35 103 117 114 115 115 104 103 35 122 108 119 107 35 121 100 111 120 104 61 35 52 51 51 51 13 82 122 113 104 117 118 107 108 115 35 119 104 118 119 35 115 100 118 118 104 103 13 63 50 68 70 87 88 68 79 65 2 0 0 0
1 63 74 82 68 79 65 13 68 120 119 114 113 114 112 114 120 118 35 85 120 118 119 35 82 122 113 104 117 118 107 108 115 35 79 104 100 117 113 108 113 106 35 68 120 119 114 113 114 112 114 120 118 35 69 100 119 102 107 35 55 13 63 50 74 82 68 79 65 13 63 87 68 86 78 65 13 90 117 108 119 104 35 100 35 85 120 118 119 35 115 117 114 106 117 100 112 35 119 107 100 119 35 102 117 104 100 119 104 118 35 100 35 121 104 102 119 114 117 35 114 105 35 52 51 35 114 2
1 122 113 104 103 35 108 113 119 104 106 104 117 118 47 35 112 114 121 104 118 35 119 107 104 35 105 108 117 118 119 35 104 111 104 112 104 113 119 35 108 113 119 114 35 100 35 113 104 122 35 121 100 117 108 100 101 111 104 47 35 100 118 118 104 117 119 118 35 119 107 104 35 114 117 108 106 108 113 100 111 35 121 104 102 119 114 117 35 111 104 113 106 119 107 35 108 118 35 113 114 122 35 60 47 35 100 113 103 35 115 117 108 113 119 118 35 119 107 104 35 112 114 121 104 103 35 2
1 121 100 111 120 104 49 13 63 50 87 68 86 78 65 13 63 79 68 81 74 88 68 74 72 65 13 117 120 118 119 13 63 50 79 68 81 74 88 68 74 72 65 13 63 86 82 88 85 70 72 65 13 105 113 35 112 100 108 113 43 44 35 126 13 35 35 35 35 111 104 119 35 112 120 119 35 121 104 102 61 35 89 104 102 63 108 54 53 65 35 64 35 43 51 49 49 52 51 44 49 102 114 111 111 104 102 119 43 44 62 13 35 35 35 35 13 35 35 35 35 111 104 119 35 105 108 2
1 117 118 119 35 64 35 121 104 102 49 117 104 112 114 121 104 43 51 44 62 13 35 35 35 35 13 35 35 35 35 100 118 118 104 117 119 98 104 116 36 43 121 104 102 49 111 104 113 43 44 47 35 60 44 62 13 35 35 35 35 13 35 35 35 35 115 117 108 113 119 111 113 36 43 37 80 114 121 104 103 35 121 100 111 120 104 61 35 126 128 37 47 35 105 108 117 118 119 44 62 13 35 35 35 35 115 117 108 113 119 111 113 36 43 37 82 122 113 104 117 118 107 108 115 35 119 2
1 104 118 119 35 115 100 118 118 104 103 37 44 62 13 128 13 63 50 86 82 88 85 70 72 65 13 63 72 91 83 72 70 87 72 71 65 13 82 122 113 104 117 118 107 108 115 35 119 104 118 119 35 115 100 118 118 104 103 13 63 50 72 91 83 72 70 87 72 71 65 13 63 68 70 87 88 68 79 65 13 80 114 121 104 103 35 121 100 111 120 104 61 35 51 13 82 122 113 104 117 118 107 108 115 35 119 104 118 119 35 115 100 118 118 104 103 13 63 50 68 70 87 88 68 79 65 2
1 63 74 82 68 79 65 13 68 120 119 114 113 114 112 114 120 118 35 85 120 118 119 35 82 122 113 104 117 118 107 108 115 35 79 104 100 117 113 108 113 106 35 68 120 119 114 113 114 112 114 120 118 35 69 100 119 102 107 35 52 13 63 50 74 82 68 79 65 13 63 87 68 86 78 65 13 90 117 108 119 104 35 100 35 85 120 118 119 35 115 117 114 106 117 100 112 35 119 107 100 119 35 102 117 104 100 119 104 118 35 100 35 121 104 102 119 114 117 35 114 105 35 56 35 114 122 2
1 113 104 103 35 108 113 119 104 106 104 117 118 47 35 112 114 121 104 118 35 119 107 104 35 105 108 117 118 119 35 104 111 104 112 104 113 119 35 108 113 119 114 35 100 35 113 104 122 35 121 100 117 108 100 101 111 104 47 35 100 118 118 104 117 119 118 35 119 107 104 35 114 117 108 106 108 113 100 111 35 121 104 102 119 114 117 35 111 104 113 106 119 107 35 108 118 35 113 114 122 35 55 47 35 100 113 103 35 100 118 118 104 117 119 118 35 119 107 104 35 113 104 122 35 121 100 2
1 117 108 100 101 111 104 35 107 114 111 103 118 35 119 107 104 35 112 114 121 104 103 35 121 100 111 120 104 49 13 63 50 87 68 86 78 65 13 63 79 68 81 74 88 68 74 72 65 13 117 120 118 119 13 63 50 79 68 81 74 88 68 74 72 65 13 63 86 82 88 85 70 72 65 13 105 113 35 112 100 108 113 43 44 35 126 13 35 35 35 35 111 104 119 35 112 120 119 35 121 104 102 35 64 35 121 104 102 36 94 52 47 35 53 47 35 54 47 35 55 47 35 56 96 62 13 2
1 35 35 35 35 111 104 119 35 105 108 117 118 119 35 64 35 121 104 102 49 117 104 112 114 121 104 43 51 44 62 13 35 35 35 35 100 118 118 104 117 119 98 104 116 36 43 121 104 102 49 111 104 113 43 44 47 35 55 44 62 13 35 35 35 35 100 118 118 104 117 119 98 104 116 36 43 105 108 117 118 119 47 35 52 44 62 13 35 35 35 35 115 117 108 113 119 111 113 36 43 37 82 122 113 104 117 118 107 108 115 35 119 104 118 119 35 115 100 118 118 104 103 37 44 62 13 2
1 128 13 63 50 86 82 88 85 70 72 65 13 63 72 91 83 72 70 87 72 71 65 13 82 122 113 104 117 118 107 108 115 35 119 104 118 119 35 115 100 118 118 104 103 13 63 50 72 91 83 72 70 87 72 71 65 13 63 68 70 87 88 68 79 65 13 82 122 113 104 117 118 107 108 115 35 119 104 118 119 35 115 100 118 118 104 103 13 63 50 68 70 87 88 68 79 65 2 0 0 0 0 0 0 0 0 0 0 0 0 0 0 0 0 0 0 0 0 0 0 0 0 0 0 0 0 0
